h 156699065 50 0.807798 0.808859 0 0 0
s 156699065 50 1.149808 1.151182 0 0 0
n 156699065 50 1.873953 1.875795 0 0 0
p 156699065 50 1.146132 1.147958 1 0 0
p 156699065 50 1.145637 0.574043 2 0 0
p 156699065 50 1.319891 0.472009 3 0 0
p 156699065 50 1.450966 0.364565 4 0 0
m 156699065 50 1.875739 1.878160 0 0 0
m 156699065 50 2.444291 2.446701 0 1 0
m 156699065 50 3.604245 3.608518 0 2 0
m 156699065 50 4.873873 4.879538 0 3 0
m 156699065 50 6.213959 6.222271 0 4 0
m 156699065 50 7.452977 7.459192 0 5 0
h 156699065 30 0.167529 0.167863 0 0 0
s 156699065 30 0.214812 0.215227 0 0 0
n 156699065 30 1.873744 1.876157 0 0 0
p 156699065 30 0.221844 0.222381 1 0 0
p 156699065 30 0.236644 0.121375 2 0 0
p 156699065 30 0.262684 0.094784 3 0 0
p 156699065 30 0.293981 0.075654 4 0 0
m 156699065 30 1.874176 1.876012 0 0 0
m 156699065 30 2.442392 2.444799 0 1 0
m 156699065 30 3.603019 3.607361 0 2 0
m 156699065 30 4.872612 4.878427 0 3 0
m 156699065 30 6.175985 6.183141 0 4 0
m 156699065 30 7.458288 7.465741 0 5 0
h 156699065 15 0.333204 0.333716 0 0 0
s 156699065 15 0.300200 0.300672 0 0 0
n 156699065 15 1.875154 1.877568 0 0 0
p 156699065 15 0.314438 0.315020 1 0 0
p 156699065 15 0.327432 0.164186 2 0 0
p 156699065 15 0.377008 0.136394 3 0 0
p 156699065 15 0.410665 0.103340 4 0 0
m 156699065 15 1.874464 1.876277 0 0 0
m 156699065 15 2.442544 2.445731 0 1 0
m 156699065 15 3.598148 3.602483 0 2 0
m 156699065 15 4.873383 4.877814 0 3 0
m 156699065 15 6.161895 6.167119 0 4 0
m 156699065 15 7.459370 7.465898 0 5 0
h 156699065 5 1.086368 1.087615 0 0 0
s 156699065 5 1.188630 1.190003 0 0 0
n 156699065 5 1.875275 1.877138 0 0 0
p 156699065 5 1.188007 1.189431 1 0 0
p 156699065 5 1.200088 0.601472 2 0 0
p 156699065 5 1.364066 0.484297 3 0 0
p 156699065 5 1.498282 0.376167 4 0 0
m 156699065 5 1.875337 1.877206 0 0 0
m 156699065 5 2.472276 2.475555 0 1 0
m 156699065 5 3.692041 3.697110 0 2 0
m 156699065 5 5.217145 5.224104 0 3 0
m 156699065 5 6.769341 6.779399 0 4 0
m 156699065 5 7.799915 7.809392 0 5 0
h 50949113 50 0.231354 0.231674 0 0 0
s 50949113 50 0.313698 0.314164 0 0 0
n 50949113 50 0.610217 0.610857 0 0 0
p 50949113 50 0.312913 0.313305 1 0 0
p 50949113 50 0.311508 0.165938 2 0 0
p 50949113 50 0.362731 0.143038 3 0 0
p 50949113 50 0.388259 0.113070 4 0 0
m 50949113 50 0.610740 0.611332 0 0 0
m 50949113 50 0.794718 0.795520 0 1 0
m 50949113 50 1.168323 1.169648 0 2 0
m 50949113 50 1.581365 1.582694 0 3 0
m 50949113 50 2.003134 2.005600 0 4 0
m 50949113 50 2.427486 2.429543 0 5 0
h 50949113 30 0.065962 0.066089 0 0 0
s 50949113 30 0.095822 0.096014 0 0 0
n 50949113 30 0.610448 0.611041 0 0 0
p 50949113 30 0.098188 0.098373 1 0 0
p 50949113 30 0.107975 0.059026 2 0 0
p 50949113 30 0.111830 0.047125 3 0 0
p 50949113 30 0.119807 0.038404 4 0 0
m 50949113 30 0.609781 0.610402 0 0 0
m 50949113 30 0.793913 0.794665 0 1 0
m 50949113 30 1.170032 1.171095 0 2 0
m 50949113 30 1.580603 1.581979 0 3 0
m 50949113 30 2.003600 2.006005 0 4 0
m 50949113 30 2.430654 2.434811 0 5 0
h 50949113 15 0.100266 0.100429 0 0 0
s 50949113 15 0.091954 0.092152 0 0 0
n 50949113 15 0.609836 0.610522 0 0 0
p 50949113 15 0.100191 0.100443 1 0 0
p 50949113 15 0.108418 0.056283 2 0 0
p 50949113 15 0.116126 0.043245 3 0 0
p 50949113 15 0.130477 0.034232 4 0 0
m 50949113 15 0.609237 0.609994 0 0 0
m 50949113 15 0.794532 0.795584 0 1 0
m 50949113 15 1.174313 1.175418 0 2 0
m 50949113 15 1.580303 1.581699 0 3 0
m 50949113 15 2.003960 2.005732 0 4 0
m 50949113 15 2.423086 2.425128 0 5 0
h 50949113 5 0.316569 0.317077 0 0 0
s 50949113 5 0.341001 0.341394 0 0 0
n 50949113 5 0.609721 0.610322 0 0 0
p 50949113 5 0.347950 0.348398 1 0 0
p 50949113 5 0.352942 0.185253 2 0 0
p 50949113 5 0.398946 0.153605 3 0 0
p 50949113 5 0.428809 0.120727 4 0 0
m 50949113 5 0.609721 0.610555 0 0 0
m 50949113 5 0.806675 0.807546 0 1 0
m 50949113 5 1.200265 1.201472 0 2 0
m 50949113 5 1.699652 1.701300 0 3 0
m 50949113 5 2.166245 2.168302 0 4 0
m 50949113 5 2.536174 2.539287 0 5 0
h 101540352 50 0.409576 0.410253 0 0 0
s 101540352 50 0.596144 0.596880 0 0 0
n 101540352 50 1.214762 1.215933 0 0 0
p 101540352 50 0.589496 0.590531 1 0 0
p 101540352 50 0.601665 0.312926 2 0 0
p 101540352 50 0.692692 0.241286 3 0 0
p 101540352 50 0.752219 0.198132 4 0 0
m 101540352 50 1.213833 1.215018 0 0 0
m 101540352 50 1.583220 1.584708 0 1 0
m 101540352 50 2.329848 2.331903 0 2 0
m 101540352 50 3.151910 3.154677 0 3 0
m 101540352 50 3.992765 3.996354 0 4 0
m 101540352 50 4.829195 4.834536 0 5 0
h 101540352 30 0.153110 0.153404 0 0 0
s 101540352 30 0.203969 0.204299 0 0 0
n 101540352 30 1.214491 1.216050 0 0 0
p 101540352 30 0.209391 0.209768 1 0 0
p 101540352 30 0.225022 0.121706 2 0 0
p 101540352 30 0.251219 0.095041 3 0 0
p 101540352 30 0.267267 0.073662 4 0 0
m 101540352 30 1.215385 1.216607 0 0 0
m 101540352 30 1.582987 1.585021 0 1 0
m 101540352 30 2.333101 2.335232 0 2 0
m 101540352 30 3.171800 3.174779 0 3 0
m 101540352 30 3.992816 3.997359 0 4 0
m 101540352 30 4.829979 4.835526 0 5 0
h 101540352 15 0.222553 0.222893 0 0 0
s 101540352 15 0.207125 0.207513 0 0 0
n 101540352 15 1.213627 1.214753 0 0 0
p 101540352 15 0.225536 0.225947 1 0 0
p 101540352 15 0.230980 0.116067 2 0 0
p 101540352 15 0.258381 0.095172 3 0 0
p 101540352 15 0.270805 0.077631 4 0 0
m 101540352 15 1.214634 1.215808 0 0 0
m 101540352 15 1.583929 1.585418 0 1 0
m 101540352 15 2.333927 2.336195 0 2 0
m 101540352 15 3.150118 3.154013 0 3 0
m 101540352 15 4.029488 4.033233 0 4 0
m 101540352 15 4.827930 4.833297 0 5 0
h 101540352 5 0.612460 0.613205 0 0 0
s 101540352 5 0.627975 0.628968 0 0 0
n 101540352 5 1.216787 1.219757 0 0 0
p 101540352 5 0.636031 0.636919 1 0 0
p 101540352 5 0.648089 0.329359 2 0 0
p 101540352 5 0.740757 0.260980 3 0 0
p 101540352 5 0.798098 0.206782 4 0 0
m 101540352 5 1.215477 1.216681 0 0 0
m 101540352 5 1.607188 1.608835 0 1 0
m 101540352 5 2.391910 2.395214 0 2 0
m 101540352 5 3.352896 3.356184 0 3 0
m 101540352 5 4.315093 4.319133 0 4 0
m 101540352 5 5.061003 5.068218 0 5 0
h 204854690 50 0.721490 0.722724 0 0 0
s 204854690 50 1.019597 1.021256 0 0 0
n 204854690 50 2.453842 2.456259 0 0 0
p 204854690 50 1.014051 1.015720 1 0 0
p 204854690 50 1.023968 0.657012 2 0 0
p 204854690 50 1.126146 0.484746 3 0 0
p 204854690 50 1.212024 0.397249 4 0 0
m 204854690 50 2.451185 2.453565 0 0 0
m 204854690 50 3.200014 3.204121 0 1 0
m 204854690 50 4.701238 4.705422 0 2 0
m 204854690 50 6.433903 6.439448 0 3 0
m 204854690 50 8.051477 8.058451 0 4 0
m 204854690 50 9.751846 9.760357 0 5 0
h 204854690 30 0.294127 0.294651 0 0 0
s 204854690 30 0.451832 0.452534 0 0 0
n 204854690 30 2.452495 2.455642 0 0 0
p 204854690 30 0.457364 0.458123 1 0 0
p 204854690 30 0.470268 0.286640 2 0 0
p 204854690 30 0.529808 0.255421 3 0 0
p 204854690 30 0.566240 0.223013 4 0 0
m 204854690 30 2.451676 2.453952 0 0 0
m 204854690 30 3.192592 3.196763 0 1 0
m 204854690 30 4.700404 4.705581 0 2 0
m 204854690 30 6.401220 6.407083 0 3 0
m 204854690 30 8.058001 8.068003 0 4 0
m 204854690 30 9.745397 9.756320 0 5 0
h 204854690 15 0.450475 0.451312 0 0 0
s 204854690 15 0.433044 0.433842 0 0 0
n 204854690 15 2.449924 2.453194 0 0 0
p 204854690 15 0.447834 0.448850 1 0 0
p 204854690 15 0.462042 0.239639 2 0 0
p 204854690 15 0.526860 0.197925 3 0 0
p 204854690 15 0.575194 0.162211 4 0 0
m 204854690 15 2.450345 2.452593 0 0 0
m 204854690 15 3.744320 3.748795 0 1 0
m 204854690 15 4.701989 4.707642 0 2 0
m 204854690 15 6.356284 6.363624 0 3 0
m 204854690 15 8.189637 8.196682 0 4 0
m 204854690 15 9.748173 9.758054 0 5 0
h 204854690 5 1.144294 1.145722 0 0 0
s 204854690 5 1.161736 1.163705 0 0 0
n 204854690 5 2.451632 2.454230 0 0 0
p 204854690 5 1.186534 1.188067 1 0 0
p 204854690 5 1.187937 0.702917 2 0 0
p 204854690 5 1.307070 0.527704 3 0 0
p 204854690 5 1.433932 0.429946 4 0 0
m 204854690 5 2.450573 2.453077 0 0 0
m 204854690 5 3.224060 3.227211 0 1 0
m 204854690 5 4.795787 4.800438 0 2 0
m 204854690 5 6.659857 6.666083 0 3 0
m 204854690 5 8.612363 8.623150 0 4 0
m 204854690 5 10.198164 10.207260 0 5 0
h 50949113 1 0.978180 0.979333 0 0 0
s 50949113 1 0.636635 0.637416 0 0 0
n 50949113 1 0.823653 0.824633 0 0 0
p 50949113 1 0.808722 0.216426 4 0 0
m 50949113 1 1.284299 1.285797 0 2 0
h 50949113 2 0.612641 0.613419 0 0 0
s 50949113 2 0.548892 0.550257 0 0 0
n 50949113 2 0.667974 0.668824 0 0 0
p 50949113 2 0.695286 0.193125 4 0 0
m 50949113 2 1.289297 1.290854 0 2 0
h 50949113 3 0.463782 0.464327 0 0 0
s 50949113 3 0.527370 0.530784 0 0 0
n 50949113 3 0.622713 0.623692 0 0 0
p 50949113 3 0.603103 0.189238 4 0 0
m 50949113 3 1.400813 1.402616 0 2 0
h 50949113 4 0.400298 0.401434 0 0 0
s 50949113 4 0.371849 0.372265 0 0 0
n 50949113 4 0.612602 0.613297 0 0 0
p 50949113 4 0.471440 0.129534 4 0 0
m 50949113 4 1.292383 1.294863 0 2 0
h 50949113 5 0.315426 0.315794 0 0 0
s 50949113 5 0.342225 0.342822 0 0 0
n 50949113 5 0.609940 0.610670 0 0 0
p 50949113 5 0.428266 0.120620 4 0 0
m 50949113 5 1.194328 1.195477 0 2 0
h 50949113 6 0.280789 0.281151 0 0 0
s 50949113 6 0.282069 0.282470 0 0 0
n 50949113 6 0.609607 0.610471 0 0 0
p 50949113 6 0.355503 0.099998 4 0 0
m 50949113 6 1.325060 1.326336 0 2 0
h 50949113 7 0.239553 0.239944 0 0 0
s 50949113 7 0.338127 0.338514 0 0 0
n 50949113 7 0.610279 0.611302 0 0 0
p 50949113 7 0.420689 0.121200 4 0 0
m 50949113 7 1.180478 1.181588 0 2 0
h 50949113 8 0.290153 0.290541 0 0 0
s 50949113 8 0.347195 0.347867 0 0 0
n 50949113 8 0.609904 0.610549 0 0 0
p 50949113 8 0.429004 0.122636 4 0 0
m 50949113 8 1.176486 1.177567 0 2 0
h 50949113 9 0.277954 0.278317 0 0 0
s 50949113 9 0.303898 0.304264 0 0 0
n 50949113 9 0.609967 0.610580 0 0 0
p 50949113 9 0.377549 0.107112 4 0 0
m 50949113 9 1.177079 1.178203 0 2 0
h 50949113 10 0.255151 0.255493 0 0 0
s 50949113 10 0.272480 0.272805 0 0 0
n 50949113 10 0.610034 0.610684 0 0 0
p 50949113 10 0.338614 0.096993 4 0 0
m 50949113 10 1.170866 1.172005 0 2 0
h 50949113 11 0.222178 0.222564 0 0 0
s 50949113 11 0.238385 0.238732 0 0 0
n 50949113 11 0.609634 0.610225 0 0 0
p 50949113 11 0.297259 0.085656 4 0 0
m 50949113 11 1.171792 1.172935 0 2 0
h 50949113 12 0.132523 0.132786 0 0 0
s 50949113 12 0.112977 0.113163 0 0 0
n 50949113 12 0.610117 0.610768 0 0 0
p 50949113 12 0.157005 0.040920 4 0 0
m 50949113 12 1.173544 1.174761 0 2 0
h 50949113 13 0.124844 0.125144 0 0 0
s 50949113 13 0.128801 0.129005 0 0 0
n 50949113 13 0.609493 0.610170 0 0 0
p 50949113 13 0.173727 0.046603 4 0 0
m 50949113 13 1.170786 1.172290 0 2 0
h 50949113 14 0.129024 0.129239 0 0 0
s 50949113 14 0.119958 0.120178 0 0 0
n 50949113 14 0.609772 0.610423 0 0 0
p 50949113 14 0.160159 0.044245 4 0 0
m 50949113 14 1.173308 1.174423 0 2 0
h 50949113 15 0.100205 0.100363 0 0 0
s 50949113 15 0.091977 0.092115 0 0 0
n 50949113 15 0.609744 0.610321 0 0 0
p 50949113 15 0.126407 0.033055 4 0 0
m 50949113 15 1.319099 1.320963 0 2 0
h 50949113 16 0.102839 0.102994 0 0 0
s 50949113 16 0.098218 0.098435 0 0 0
n 50949113 16 0.609954 0.610662 0 0 0
p 50949113 16 0.130495 0.036057 4 0 0
m 50949113 16 1.171586 1.172759 0 2 0
h 50949113 17 0.096971 0.097158 0 0 0
s 50949113 17 0.094445 0.094596 0 0 0
n 50949113 17 0.609436 0.610102 0 0 0
p 50949113 17 0.124805 0.035014 4 0 0
m 50949113 17 1.221094 1.222687 0 2 0
h 50949113 18 0.097101 0.097281 0 0 0
s 50949113 18 0.171456 0.171704 0 0 0
n 50949113 18 0.609648 0.610226 0 0 0
p 50949113 18 0.215798 0.068294 4 0 0
m 50949113 18 1.169631 1.170673 0 2 0
h 50949113 19 0.156668 0.156882 0 0 0
s 50949113 19 0.150882 0.151131 0 0 0
n 50949113 19 0.609986 0.610598 0 0 0
p 50949113 19 0.181691 0.064724 4 0 0
m 50949113 19 1.172558 1.173722 0 2 0
h 50949113 20 0.135496 0.135732 0 0 0
s 50949113 20 0.131481 0.131679 0 0 0
n 50949113 20 0.609897 0.610479 0 0 0
p 50949113 20 0.167498 0.052243 4 0 0
m 50949113 20 1.169443 1.170472 0 2 0
h 50949113 21 0.118847 0.119071 0 0 0
s 50949113 21 0.117316 0.117519 0 0 0
n 50949113 21 0.609694 0.610328 0 0 0
p 50949113 21 0.150141 0.046550 4 0 0
m 50949113 21 1.181075 1.182808 0 2 0
h 50949113 22 0.110627 0.110798 0 0 0
s 50949113 22 0.135440 0.135675 0 0 0
n 50949113 22 0.609520 0.610101 0 0 0
p 50949113 22 0.171675 0.055306 4 0 0
m 50949113 22 1.171704 1.172870 0 2 0
h 50949113 23 0.088107 0.088324 0 0 0
s 50949113 23 0.088964 0.089198 0 0 0
n 50949113 23 0.609761 0.610464 0 0 0
p 50949113 23 0.115073 0.034602 4 0 0
m 50949113 23 1.172713 1.174426 0 2 0
h 50949113 24 0.098585 0.098768 0 0 0
s 50949113 24 0.106098 0.106320 0 0 0
n 50949113 24 0.609718 0.610404 0 0 0
p 50949113 24 0.137514 0.043453 4 0 0
m 50949113 24 1.436994 1.438764 0 2 0
h 50949113 25 0.099867 0.100032 0 0 0
s 50949113 25 0.102883 0.103035 0 0 0
n 50949113 25 0.609777 0.610706 0 0 0
p 50949113 25 0.130630 0.040975 4 0 0
m 50949113 25 1.171568 1.172772 0 2 0
h 50949113 26 0.104711 0.104917 0 0 0
s 50949113 26 0.129633 0.129811 0 0 0
n 50949113 26 0.610170 0.610770 0 0 0
p 50949113 26 0.163110 0.052606 4 0 0
m 50949113 26 1.170607 1.171714 0 2 0
h 50949113 27 0.117093 0.117402 0 0 0
s 50949113 27 0.116560 0.116775 0 0 0
n 50949113 27 0.609871 0.610459 0 0 0
p 50949113 27 0.145834 0.046946 4 0 0
m 50949113 27 1.169480 1.171099 0 2 0
h 50949113 28 0.103318 0.103470 0 0 0
s 50949113 28 0.102962 0.103118 0 0 0
n 50949113 28 0.611078 0.611685 0 0 0
p 50949113 28 0.130763 0.041921 4 0 0
m 50949113 28 1.176961 1.178090 0 2 0
h 50949113 29 0.091771 0.091899 0 0 0
s 50949113 29 0.093222 0.093410 0 0 0
n 50949113 29 0.609814 0.610409 0 0 0
p 50949113 29 0.118373 0.037590 4 0 0
m 50949113 29 1.169218 1.170724 0 2 0
h 50949113 30 0.066069 0.066241 0 0 0
s 50949113 30 0.095389 0.095556 0 0 0
n 50949113 30 0.610104 0.610739 0 0 0
p 50949113 30 0.122895 0.039955 4 0 0
m 50949113 30 1.170877 1.171957 0 2 0
h 50949113 31 0.096833 0.096986 0 0 0
s 50949113 31 0.101639 0.101813 0 0 0
n 50949113 31 0.610892 0.611531 0 0 0
p 50949113 31 0.127987 0.041429 4 0 0
m 50949113 31 1.170308 1.171420 0 2 0
h 50949113 32 0.101089 0.101414 0 0 0
s 50949113 32 0.100329 0.100494 0 0 0
n 50949113 32 0.609965 0.610565 0 0 0
p 50949113 32 0.125935 0.040929 4 0 0
m 50949113 32 1.171584 1.173199 0 2 0
h 50949113 33 0.096423 0.096588 0 0 0
s 50949113 33 0.162647 0.162913 0 0 0
n 50949113 33 0.958661 0.959934 0 0 0
p 50949113 33 0.196155 0.066473 4 0 0
m 50949113 33 1.279576 1.281576 0 2 0
h 50949113 34 0.090437 0.090589 0 0 0
s 50949113 34 0.085220 0.085374 0 0 0
n 50949113 34 0.668099 0.668967 0 0 0
p 50949113 34 0.114023 0.031006 4 0 0
m 50949113 34 1.279315 1.280745 0 2 0
h 50949113 35 0.084371 0.084513 0 0 0
s 50949113 35 0.103517 0.103674 0 0 0
n 50949113 35 0.635471 0.636482 0 0 0
p 50949113 35 0.136462 0.034884 4 0 0
m 50949113 35 1.451297 1.453347 0 2 0
h 50949113 36 0.092526 0.092672 0 0 0
s 50949113 36 0.166499 0.166741 0 0 0
n 50949113 36 0.624149 0.624890 0 0 0
p 50949113 36 0.212089 0.057043 4 0 0
m 50949113 36 1.287839 1.289189 0 2 0
h 50949113 37 0.140474 0.140681 0 0 0
s 50949113 37 0.150404 0.150625 0 0 0
n 50949113 37 0.615698 0.616425 0 0 0
p 50949113 37 0.192583 0.051517 4 0 0
m 50949113 37 1.228618 1.229875 0 2 0
h 50949113 38 0.135518 0.135749 0 0 0
s 50949113 38 0.144400 0.144603 0 0 0
n 50949113 38 0.612456 0.613399 0 0 0
p 50949113 38 0.183745 0.051422 4 0 0
m 50949113 38 1.203148 1.204448 0 2 0
h 50949113 39 0.122637 0.122859 0 0 0
s 50949113 39 0.344137 0.344663 0 0 0
n 50949113 39 0.610731 0.611603 0 0 0
p 50949113 39 0.427264 0.121593 4 0 0
m 50949113 39 1.188240 1.189487 0 2 0
h 50949113 40 0.270957 0.271291 0 0 0
s 50949113 40 0.280539 0.280850 0 0 0
n 50949113 40 0.609618 0.610231 0 0 0
p 50949113 40 0.350671 0.098431 4 0 0
m 50949113 40 1.180013 1.181246 0 2 0
h 50949113 41 0.223542 0.223830 0 0 0
s 50949113 41 0.234840 0.235134 0 0 0
n 50949113 41 0.609508 0.610130 0 0 0
p 50949113 41 0.295178 0.082753 4 0 0
m 50949113 41 1.174616 1.175812 0 2 0
h 50949113 42 0.190653 0.190952 0 0 0
s 50949113 42 0.203684 0.203974 0 0 0
n 50949113 42 0.609660 0.610532 0 0 0
p 50949113 42 0.265649 0.072387 4 0 0
m 50949113 42 1.171555 1.172648 0 2 0
h 50949113 43 0.164706 0.164929 0 0 0
s 50949113 43 0.179137 0.179405 0 0 0
n 50949113 43 0.609639 0.610234 0 0 0
p 50949113 43 0.227010 0.063387 4 0 0
m 50949113 43 1.173855 1.175271 0 2 0
h 50949113 44 0.156827 0.157171 0 0 0
s 50949113 44 0.205024 0.205291 0 0 0
n 50949113 44 0.609373 0.610189 0 0 0
p 50949113 44 0.255675 0.071432 4 0 0
m 50949113 44 1.172438 1.173630 0 2 0
h 50949113 45 0.169665 0.169974 0 0 0
s 50949113 45 0.229253 0.229524 0 0 0
n 50949113 45 0.609424 0.610216 0 0 0
p 50949113 45 0.286985 0.084493 4 0 0
m 50949113 45 1.171597 1.172764 0 2 0
h 50949113 46 0.193072 0.193353 0 0 0
s 50949113 46 0.230377 0.230650 0 0 0
n 50949113 46 0.609594 0.610173 0 0 0
p 50949113 46 0.286156 0.081487 4 0 0
m 50949113 46 1.215053 1.216654 0 2 0
h 50949113 47 0.181866 0.182099 0 0 0
s 50949113 47 0.340687 0.341097 0 0 0
n 50949113 47 0.609810 0.610571 0 0 0
p 50949113 47 0.435642 0.124908 4 0 0
m 50949113 47 1.178833 1.180106 0 2 0
h 50949113 48 0.273617 0.273959 0 0 0
s 50949113 48 0.280182 0.280489 0 0 0
n 50949113 48 0.610012 0.610713 0 0 0
p 50949113 48 0.347543 0.101914 4 0 0
m 50949113 48 1.178213 1.179496 0 2 0
h 50949113 49 0.234715 0.235084 0 0 0
s 50949113 49 0.286247 0.286597 0 0 0
n 50949113 49 0.609855 0.610469 0 0 0
p 50949113 49 0.353433 0.104414 4 0 0
m 50949113 49 1.168441 1.169881 0 2 0
h 50949113 50 0.231676 0.231979 0 0 0
s 50949113 50 0.314037 0.314402 0 0 0
n 50949113 50 0.609803 0.610614 0 0 0
p 50949113 50 0.387807 0.113215 4 0 0
m 50949113 50 1.172344 1.173482 0 2 0
h 50949113 1 0.975429 0.976870 0 0 0
s 50949113 1 0.636676 0.637675 0 0 0
n 50949113 1 0.824287 0.825583 0 0 0
p 50949113 1 0.812066 0.219185 4 0 0
m 50949113 1 1.290464 1.291909 0 2 0
h 50949113 2 0.612480 0.613232 0 0 0
s 50949113 2 0.548873 0.549519 0 0 0
n 50949113 2 0.668047 0.668869 0 0 0
p 50949113 2 0.695825 0.193104 4 0 0
m 50949113 2 1.283059 1.284544 0 2 0
h 50949113 3 0.464073 0.464918 0 0 0
s 50949113 3 0.483776 0.484555 0 0 0
n 50949113 3 0.621618 0.622358 0 0 0
p 50949113 3 0.609313 0.169409 4 0 0
m 50949113 3 1.378748 1.380776 0 2 0
h 50949113 4 0.399127 0.399665 0 0 0
s 50949113 4 0.372286 0.372818 0 0 0
n 50949113 4 0.612970 0.613735 0 0 0
p 50949113 4 0.475771 0.130771 4 0 0
m 50949113 4 1.273655 1.275032 0 2 0
h 50949113 5 0.315813 0.316218 0 0 0
s 50949113 5 0.341591 0.341994 0 0 0
n 50949113 5 0.609773 0.610450 0 0 0
p 50949113 5 0.429178 0.120814 4 0 0
m 50949113 5 1.202700 1.203968 0 2 0
h 50949113 6 0.280865 0.281301 0 0 0
s 50949113 6 0.282109 0.282464 0 0 0
n 50949113 6 0.609535 0.610211 0 0 0
p 50949113 6 0.355538 0.099957 4 0 0
m 50949113 6 1.179714 1.180906 0 2 0
h 50949113 7 0.239392 0.239676 0 0 0
s 50949113 7 0.337695 0.338116 0 0 0
n 50949113 7 0.609778 0.610471 0 0 0
p 50949113 7 0.435524 0.122206 4 0 0
m 50949113 7 1.171794 1.172868 0 2 0
h 50949113 8 0.290383 0.290831 0 0 0
s 50949113 8 0.345673 0.346063 0 0 0
n 50949113 8 0.610049 0.610662 0 0 0
p 50949113 8 0.429187 0.122654 4 0 0
m 50949113 8 1.170803 1.171865 0 2 0
h 50949113 9 0.277385 0.277724 0 0 0
s 50949113 9 0.303764 0.304140 0 0 0
n 50949113 9 0.609944 0.610550 0 0 0
p 50949113 9 0.377640 0.109255 4 0 0
m 50949113 9 1.170006 1.171557 0 2 0
h 50949113 10 0.255534 0.255922 0 0 0
s 50949113 10 0.273162 0.273495 0 0 0
n 50949113 10 0.609987 0.610593 0 0 0
p 50949113 10 0.340690 0.097420 4 0 0
m 50949113 10 1.176620 1.177722 0 2 0
h 50949113 11 0.220713 0.221038 0 0 0
s 50949113 11 0.237847 0.238181 0 0 0
n 50949113 11 0.609855 0.610464 0 0 0
p 50949113 11 0.297582 0.085923 4 0 0
m 50949113 11 1.169413 1.170447 0 2 0
h 50949113 12 0.132509 0.132688 0 0 0
s 50949113 12 0.112850 0.113079 0 0 0
n 50949113 12 0.610060 0.610757 0 0 0
p 50949113 12 0.153757 0.045526 4 0 0
m 50949113 12 1.171139 1.172369 0 2 0
h 50949113 13 0.125142 0.125344 0 0 0
s 50949113 13 0.129234 0.129477 0 0 0
n 50949113 13 0.610026 0.610818 0 0 0
p 50949113 13 0.173257 0.046571 4 0 0
m 50949113 13 1.168827 1.169903 0 2 0
h 50949113 14 0.129222 0.129411 0 0 0
s 50949113 14 0.120169 0.120402 0 0 0
n 50949113 14 0.610631 0.611282 0 0 0
p 50949113 14 0.160404 0.043959 4 0 0
m 50949113 14 1.170417 1.171488 0 2 0
h 50949113 15 0.100285 0.100471 0 0 0
s 50949113 15 0.092027 0.092195 0 0 0
n 50949113 15 0.610865 0.611456 0 0 0
p 50949113 15 0.126651 0.033069 4 0 0
m 50949113 15 1.170065 1.171648 0 2 0
h 50949113 16 0.102917 0.103075 0 0 0
s 50949113 16 0.098057 0.098216 0 0 0
n 50949113 16 0.609523 0.610101 0 0 0
p 50949113 16 0.130678 0.035978 4 0 0
m 50949113 16 1.173710 1.174940 0 2 0
h 50949113 17 0.096858 0.097016 0 0 0
s 50949113 17 0.094428 0.094627 0 0 0
n 50949113 17 0.610008 0.610701 0 0 0
p 50949113 17 0.127345 0.035901 4 0 0
m 50949113 17 1.169754 1.170833 0 2 0
h 50949113 18 0.097135 0.097334 0 0 0
s 50949113 18 0.171161 0.171439 0 0 0
n 50949113 18 0.609840 0.610401 0 0 0
p 50949113 18 0.215937 0.068343 4 0 0
m 50949113 18 1.170514 1.171563 0 2 0
h 50949113 19 0.156116 0.156424 0 0 0
s 50949113 19 0.150875 0.151116 0 0 0
n 50949113 19 0.611138 0.612016 0 0 0
p 50949113 19 0.189673 0.059773 4 0 0
m 50949113 19 1.171280 1.172430 0 2 0
h 50949113 20 0.135492 0.135732 0 0 0
s 50949113 20 0.131374 0.131565 0 0 0
n 50949113 20 0.610069 0.610685 0 0 0
p 50949113 20 0.168488 0.052616 4 0 0
m 50949113 20 1.170010 1.171501 0 2 0
h 50949113 21 0.118954 0.119225 0 0 0
s 50949113 21 0.117137 0.117308 0 0 0
n 50949113 21 0.610134 0.610756 0 0 0
p 50949113 21 0.149974 0.046505 4 0 0
m 50949113 21 1.170774 1.172400 0 2 0
h 50949113 22 0.110567 0.110766 0 0 0
s 50949113 22 0.135631 0.135884 0 0 0
n 50949113 22 0.609634 0.610259 0 0 0
p 50949113 22 0.167485 0.053406 4 0 0
m 50949113 22 1.169777 1.171193 0 2 0
h 50949113 23 0.088116 0.088328 0 0 0
s 50949113 23 0.088990 0.089186 0 0 0
n 50949113 23 0.609666 0.610437 0 0 0
p 50949113 23 0.115682 0.034734 4 0 0
m 50949113 23 1.168699 1.170130 0 2 0
h 50949113 24 0.098793 0.098985 0 0 0
s 50949113 24 0.106189 0.106369 0 0 0
n 50949113 24 0.609904 0.610763 0 0 0
p 50949113 24 0.134144 0.041975 4 0 0
m 50949113 24 1.169404 1.170554 0 2 0
h 50949113 25 0.100488 0.100686 0 0 0
s 50949113 25 0.103024 0.103240 0 0 0
n 50949113 25 0.609288 0.610093 0 0 0
p 50949113 25 0.130661 0.041054 4 0 0
m 50949113 25 1.174555 1.175766 0 2 0
h 50949113 26 0.104886 0.105051 0 0 0
s 50949113 26 0.129884 0.130079 0 0 0
n 50949113 26 0.611141 0.611835 0 0 0
p 50949113 26 0.161605 0.052870 4 0 0
m 50949113 26 1.174024 1.175434 0 2 0
h 50949113 27 0.116708 0.116920 0 0 0
s 50949113 27 0.116582 0.116756 0 0 0
n 50949113 27 0.609736 0.610357 0 0 0
p 50949113 27 0.147209 0.047452 4 0 0
m 50949113 27 1.171184 1.172304 0 2 0
h 50949113 28 0.103308 0.103466 0 0 0
s 50949113 28 0.102869 0.103019 0 0 0
n 50949113 28 0.609719 0.610373 0 0 0
p 50949113 28 0.129844 0.041536 4 0 0
m 50949113 28 1.170157 1.171255 0 2 0
h 50949113 29 0.091726 0.091868 0 0 0
s 50949113 29 0.093372 0.093554 0 0 0
n 50949113 29 0.609914 0.610759 0 0 0
p 50949113 29 0.118195 0.037651 4 0 0
m 50949113 29 1.177452 1.178603 0 2 0
h 50949113 30 0.065917 0.066049 0 0 0
s 50949113 30 0.095332 0.095506 0 0 0
n 50949113 30 0.609943 0.610521 0 0 0
p 50949113 30 0.119682 0.038243 4 0 0
m 50949113 30 1.171298 1.172426 0 2 0
h 50949113 31 0.096679 0.096832 0 0 0
s 50949113 31 0.101935 0.102175 0 0 0
n 50949113 31 0.610823 0.611504 0 0 0
p 50949113 31 0.127578 0.041385 4 0 0
m 50949113 31 1.170220 1.171769 0 2 0
h 50949113 32 0.098333 0.098489 0 0 0
s 50949113 32 0.100374 0.100560 0 0 0
n 50949113 32 0.610236 0.610863 0 0 0
p 50949113 32 0.125484 0.041793 4 0 0
m 50949113 32 1.178276 1.179433 0 2 0
h 50949113 33 0.096089 0.096245 0 0 0
s 50949113 33 0.162363 0.162587 0 0 0
n 50949113 33 0.955882 0.957052 0 0 0
p 50949113 33 0.196807 0.067093 4 0 0
m 50949113 33 1.287479 1.288881 0 2 0
h 50949113 34 0.090524 0.090743 0 0 0
s 50949113 34 0.085196 0.085346 0 0 0
n 50949113 34 0.667890 0.669075 0 0 0
p 50949113 34 0.113419 0.031685 4 0 0
m 50949113 34 1.278412 1.279717 0 2 0
h 50949113 35 0.084242 0.084443 0 0 0
s 50949113 35 0.103500 0.103662 0 0 0
n 50949113 35 0.635871 0.636641 0 0 0
p 50949113 35 0.136644 0.034930 4 0 0
m 50949113 35 1.452868 1.454520 0 2 0
h 50949113 36 0.092606 0.092754 0 0 0
s 50949113 36 0.166870 0.167180 0 0 0
n 50949113 36 0.622950 0.623657 0 0 0
p 50949113 36 0.212406 0.057040 4 0 0
m 50949113 36 1.281043 1.282361 0 2 0
h 50949113 37 0.140378 0.140645 0 0 0
s 50949113 37 0.150371 0.150586 0 0 0
n 50949113 37 0.615654 0.616332 0 0 0
p 50949113 37 0.192504 0.051470 4 0 0
m 50949113 37 1.228108 1.229921 0 2 0
h 50949113 38 0.135605 0.135798 0 0 0
s 50949113 38 0.144510 0.144719 0 0 0
n 50949113 38 0.613429 0.614384 0 0 0
p 50949113 38 0.183637 0.050210 4 0 0
m 50949113 38 1.202609 1.203828 0 2 0
h 50949113 39 0.122414 0.122669 0 0 0
s 50949113 39 0.343935 0.344344 0 0 0
n 50949113 39 0.610397 0.611232 0 0 0
p 50949113 39 0.426678 0.121299 4 0 0
m 50949113 39 1.222787 1.224908 0 2 0
h 50949113 40 0.270943 0.271287 0 0 0
s 50949113 40 0.280483 0.280822 0 0 0
n 50949113 40 0.609586 0.610215 0 0 0
p 50949113 40 0.350602 0.098597 4 0 0
m 50949113 40 1.180150 1.181411 0 2 0
h 50949113 41 0.223409 0.223706 0 0 0
s 50949113 41 0.235150 0.235456 0 0 0
n 50949113 41 0.609475 0.610493 0 0 0
p 50949113 41 0.296875 0.083191 4 0 0
m 50949113 41 1.174391 1.175937 0 2 0
h 50949113 42 0.190112 0.190351 0 0 0
s 50949113 42 0.203029 0.203335 0 0 0
n 50949113 42 0.609494 0.610125 0 0 0
p 50949113 42 0.256333 0.071682 4 0 0
m 50949113 42 1.171766 1.172877 0 2 0
h 50949113 43 0.164287 0.164519 0 0 0
s 50949113 43 0.179093 0.179350 0 0 0
n 50949113 43 0.609961 0.610580 0 0 0
p 50949113 43 0.226715 0.063178 4 0 0
m 50949113 43 1.178801 1.180354 0 2 0
h 50949113 44 0.156765 0.156981 0 0 0
s 50949113 44 0.204607 0.204972 0 0 0
n 50949113 44 0.609541 0.610224 0 0 0
p 50949113 44 0.255185 0.071286 4 0 0
m 50949113 44 1.170670 1.172137 0 2 0
h 50949113 45 0.169792 0.170007 0 0 0
s 50949113 45 0.229626 0.230029 0 0 0
n 50949113 45 0.611047 0.611702 0 0 0
p 50949113 45 0.284878 0.082202 4 0 0
m 50949113 45 1.172337 1.173968 0 2 0
h 50949113 46 0.191575 0.191919 0 0 0
s 50949113 46 0.230605 0.230898 0 0 0
n 50949113 46 0.609809 0.610399 0 0 0
p 50949113 46 0.286487 0.081649 4 0 0
m 50949113 46 1.170117 1.171201 0 2 0
h 50949113 47 0.181770 0.182091 0 0 0
s 50949113 47 0.340626 0.341037 0 0 0
n 50949113 47 0.612800 0.613634 0 0 0
p 50949113 47 0.421077 0.123783 4 0 0
m 50949113 47 1.178236 1.179906 0 2 0
h 50949113 48 0.274725 0.275174 0 0 0
s 50949113 48 0.280277 0.280631 0 0 0
n 50949113 48 0.609523 0.610326 0 0 0
p 50949113 48 0.347609 0.102196 4 0 0
m 50949113 48 1.177367 1.180281 0 2 0
h 50949113 49 0.234562 0.234854 0 0 0
s 50949113 49 0.286046 0.286439 0 0 0
n 50949113 49 0.609915 0.610557 0 0 0
p 50949113 49 0.355630 0.104882 4 0 0
m 50949113 49 1.178419 1.179527 0 2 0
h 50949113 50 0.231573 0.231857 0 0 0
s 50949113 50 0.314044 0.314421 0 0 0
n 50949113 50 0.609679 0.610297 0 0 0
p 50949113 50 0.388722 0.113513 4 0 0
m 50949113 50 1.176889 1.177968 0 2 0
h 50949113 25 0.222783 0.223142 0 0 0
s 50949113 25 0.243164 0.243549 0 0 0
n 50949113 25 0.610754 0.611432 0 0 0
p 50949113 25 0.300359 0.088456 4 0 0
m 50949113 25 1.181456 1.183768 0 2 0
h 50949113 50 0.238611 0.238979 0 0 0
s 50949113 50 0.247801 0.248125 0 0 0
n 50949113 50 0.609810 0.610461 0 0 0
p 50949113 50 0.304931 0.090969 4 0 0
m 50949113 50 1.169773 1.170823 0 2 0
h 50949113 75 0.149153 0.149359 0 0 0
s 50949113 75 0.164802 0.165038 0 0 0
n 50949113 75 4.384506 4.387939 0 0 0
p 50949113 75 0.203425 0.060685 4 0 0
m 50949113 75 21.234934 21.261721 0 2 0
h 50949113 100 0.196939 0.197184 0 0 0
s 50949113 100 0.273102 0.273464 0 0 0
n 50949113 100 4.369958 4.373570 0 0 0
p 50949113 100 0.332567 0.101516 4 0 0
m 50949113 100 21.339548 21.358169 0 2 0
h 50949113 125 0.152556 0.152770 0 0 0
s 50949113 125 0.208619 0.208862 0 0 0
n 50949113 125 4.385387 4.390200 0 0 0
p 50949113 125 0.255859 0.077677 4 0 0
m 50949113 125 21.888883 21.905385 0 2 0
h 50949113 150 0.137972 0.138158 0 0 0
s 50949113 150 0.156734 0.157031 0 0 0
n 50949113 150 4.971066 4.975162 0 0 0
p 50949113 150 0.192002 0.059134 4 0 0
m 50949113 150 26.299155 26.328005 0 2 0
h 50949113 175 0.106614 0.106765 0 0 0
s 50949113 175 0.154881 0.155085 0 0 0
n 50949113 175 4.993000 4.997043 0 0 0
p 50949113 175 0.190446 0.057749 4 0 0
m 50949113 175 26.367952 26.394154 0 2 0
h 50949113 200 0.100493 0.100681 0 0 0
s 50949113 200 0.114707 0.114924 0 0 0
n 50949113 200 5.680509 5.685191 0 0 0
p 50949113 200 0.140657 0.043029 4 0 0
m 50949113 200 31.156885 31.180734 0 2 0
h 50949113 225 0.115921 0.116078 0 0 0
s 50949113 225 0.143765 0.144019 0 0 0
n 50949113 225 5.709096 5.713731 0 0 0
p 50949113 225 0.176754 0.053304 4 0 0
m 50949113 225 30.988133 31.011327 0 2 0
h 50949113 250 0.097828 0.098011 0 0 0
s 50949113 250 0.115856 0.116047 0 0 0
n 50949113 250 5.707545 5.712142 0 0 0
p 50949113 250 0.141679 0.043169 4 0 0
m 50949113 250 31.208394 31.232347 0 2 0
h 50949113 275 0.114653 0.114799 0 0 0
s 50949113 275 0.134708 0.134887 0 0 0
n 50949113 275 6.265728 6.270566 0 0 0
p 50949113 275 0.164699 0.050508 4 0 0
m 50949113 275 36.751891 36.779988 0 2 0
h 50949113 300 0.102648 0.102823 0 0 0
s 50949113 300 0.122457 0.122633 0 0 0
n 50949113 300 6.280587 6.285366 0 0 0
p 50949113 300 0.148283 0.045388 4 0 0
m 50949113 300 36.843394 36.884439 0 2 0
h 50949113 325 0.115348 0.115551 0 0 0
s 50949113 325 0.129929 0.130142 0 0 0
n 50949113 325 6.824394 6.829693 0 0 0
p 50949113 325 0.159209 0.049193 4 0 0
m 50949113 325 41.464084 41.496253 0 2 0
h 50949113 350 0.083261 0.083388 0 0 0
s 50949113 350 0.101159 0.101333 0 0 0
n 50949113 350 6.801861 6.807285 0 0 0
p 50949113 350 0.122147 0.037836 4 0 0
m 50949113 350 41.409534 41.442593 0 2 0
h 50949113 375 0.090600 0.090719 0 0 0
s 50949113 375 0.108765 0.108916 0 0 0
n 50949113 375 6.864852 6.870741 0 0 0
p 50949113 375 0.132751 0.040828 4 0 0
m 50949113 375 41.532267 41.563689 0 2 0
h 50949113 400 0.069161 0.069250 0 0 0
s 50949113 400 0.089361 0.089527 0 0 0
n 50949113 400 7.411525 7.419542 0 0 0
p 50949113 400 0.108927 0.033438 4 0 0
m 50949113 400 46.361588 46.407478 0 2 0
h 50949113 425 0.089199 0.089328 0 0 0
s 50949113 425 0.113736 0.113954 0 0 0
n 50949113 425 7.419479 7.425117 0 0 0
p 50949113 425 0.138606 0.042811 4 0 0
m 50949113 425 46.592569 46.629201 0 2 0
h 50949113 450 0.067233 0.067332 0 0 0
s 50949113 450 0.079015 0.079134 0 0 0
n 50949113 450 8.208163 8.214423 0 0 0
p 50949113 450 0.096288 0.029554 4 0 0
m 50949113 450 50.317878 50.354926 0 2 0
h 50949113 475 0.068189 0.068293 0 0 0
s 50949113 475 0.087846 0.087956 0 0 0
n 50949113 475 7.974889 7.981012 0 0 0
p 50949113 475 0.107466 0.033437 4 0 0
m 50949113 475 50.429196 50.467963 0 2 0
h 50949113 500 0.078389 0.078492 0 0 0
s 50949113 500 0.090478 0.090619 0 0 0
n 50949113 500 8.220492 8.227413 0 0 0
p 50949113 500 0.110259 0.033777 4 0 0
m 50949113 500 50.047558 50.084083 0 2 0
p 50949113 30 0.098290 0.098512 1 0 0
p 50949113 30 0.108906 0.060188 2 0 0
p 50949113 30 0.111672 0.047102 3 0 0
p 50949113 30 0.122788 0.039833 4 0 0
p 50949113 30 0.099568 0.099783 1 0 0
p 50949113 30 0.106847 0.059250 2 0 0
p 50949113 30 0.111742 0.047054 3 0 0
p 50949113 30 0.119445 0.038288 4 0 0
p 50949113 30 0.100978 0.101210 1 0 0
p 50949113 30 0.122720 0.067013 2 0 0
p 50949113 30 0.112241 0.047436 3 0 0
p 50949113 30 0.120946 0.038825 4 0 0
p 50949113 25 0.241789 0.242156 1 0 0
p 50949113 25 0.251983 0.134550 2 0 0
p 50949113 25 0.279537 0.110561 3 0 0
p 50949113 25 0.300276 0.088501 4 0 0
p 50949113 50 0.251684 0.252196 1 0 0
p 50949113 50 0.265933 0.141515 2 0 0
p 50949113 50 0.285993 0.114279 3 0 0
p 50949113 50 0.305377 0.091017 4 0 0
p 50949113 75 0.165782 0.166062 1 0 0
p 50949113 75 0.177579 0.095362 2 0 0
p 50949113 75 0.189358 0.075542 3 0 0
p 50949113 75 0.203497 0.060776 4 0 0
p 50949113 100 0.270269 0.270789 1 0 0
p 50949113 100 0.281085 0.152356 2 0 0
p 50949113 100 0.310351 0.125170 3 0 0
p 50949113 100 0.332685 0.101498 4 0 0
p 50949113 125 0.208142 0.208455 1 0 0
p 50949113 125 0.218484 0.118397 2 0 0
p 50949113 125 0.238968 0.096309 3 0 0
p 50949113 125 0.256173 0.077593 4 0 0
p 50949113 150 0.156425 0.156698 1 0 0
p 50949113 150 0.166125 0.089970 2 0 0
p 50949113 150 0.178944 0.072237 3 0 0
p 50949113 150 0.192190 0.059095 4 0 0
p 50949113 175 0.155166 0.155413 1 0 0
p 50949113 175 0.163354 0.087942 2 0 0
p 50949113 175 0.177101 0.071142 3 0 0
p 50949113 175 0.190277 0.057553 4 0 0
p 50949113 200 0.120113 0.120327 1 0 0
p 50949113 200 0.125067 0.066727 2 0 0
p 50949113 200 0.131180 0.052847 3 0 0
p 50949113 200 0.141011 0.043147 4 0 0
p 50949113 225 0.143344 0.143592 1 0 0
p 50949113 225 0.155757 0.082547 2 0 0
p 50949113 225 0.164796 0.066170 3 0 0
p 50949113 225 0.176820 0.053242 4 0 0
p 50949113 250 0.116176 0.116389 1 0 0
p 50949113 250 0.123384 0.066729 2 0 0
p 50949113 250 0.131987 0.053210 3 0 0
p 50949113 250 0.141572 0.043152 4 0 0
p 50949113 275 0.135476 0.135767 1 0 0
p 50949113 275 0.145649 0.077990 2 0 0
p 50949113 275 0.154115 0.062472 3 0 0
p 50949113 275 0.164854 0.050538 4 0 0
p 50949113 300 0.122078 0.122346 1 0 0
p 50949113 300 0.127896 0.065236 2 0 0
p 50949113 300 0.137842 0.055720 3 0 0
p 50949113 300 0.148179 0.045234 4 0 0
p 50949113 325 0.128781 0.128980 1 0 0
p 50949113 325 0.139358 0.075008 2 0 0
p 50949113 325 0.148148 0.060174 3 0 0
p 50949113 325 0.157486 0.049732 4 0 0
p 50949113 350 0.105101 0.105276 1 0 0
p 50949113 350 0.110131 0.060386 2 0 0
p 50949113 350 0.115142 0.046696 3 0 0
p 50949113 350 0.122440 0.037937 4 0 0
p 50949113 375 0.112707 0.112887 1 0 0
p 50949113 375 0.118804 0.063493 2 0 0
p 50949113 375 0.123739 0.049921 3 0 0
p 50949113 375 0.132728 0.040822 4 0 0
p 50949113 400 0.090281 0.090503 1 0 0
p 50949113 400 0.098122 0.053291 2 0 0
p 50949113 400 0.101809 0.040952 3 0 0
p 50949113 400 0.109021 0.033448 4 0 0
p 50949113 425 0.117562 0.117750 1 0 0
p 50949113 425 0.123538 0.068002 2 0 0
p 50949113 425 0.129419 0.052409 3 0 0
p 50949113 425 0.138870 0.042946 4 0 0
p 50949113 450 0.079573 0.079742 1 0 0
p 50949113 450 0.079049 0.042877 2 0 0
p 50949113 450 0.090237 0.036362 3 0 0
p 50949113 450 0.096733 0.029697 4 0 0
p 50949113 475 0.089546 0.089691 1 0 0
p 50949113 475 0.099767 0.054414 2 0 0
p 50949113 475 0.099465 0.040293 3 0 0
p 50949113 475 0.106656 0.032767 4 0 0
p 50949113 500 0.092385 0.092599 1 0 0
p 50949113 500 0.102268 0.055046 2 0 0
p 50949113 500 0.103097 0.041513 3 0 0
p 50949113 500 0.110900 0.033953 4 0 0
p 50949113 25 0.243625 0.243999 1 0 0
p 50949113 25 0.245931 0.131310 2 0 0
p 50949113 25 0.280162 0.110924 3 0 0
p 50949113 25 0.300320 0.088322 4 0 0
p 50949113 50 0.246866 0.247201 1 0 0
p 50949113 50 0.246418 0.132723 2 0 0
p 50949113 50 0.290511 0.103559 3 0 0
p 50949113 50 0.305458 0.091121 4 0 0
p 50949113 75 0.165726 0.165997 1 0 0
p 50949113 75 0.174919 0.094476 2 0 0
p 50949113 75 0.189222 0.075617 3 0 0
p 50949113 75 0.203369 0.060713 4 0 0
p 50949113 100 0.271428 0.271824 1 0 0
p 50949113 100 0.283692 0.154407 2 0 0
p 50949113 100 0.311047 0.125490 3 0 0
p 50949113 100 0.335473 0.102300 4 0 0
p 50949113 125 0.207908 0.208306 1 0 0
p 50949113 125 0.218988 0.117550 2 0 0
p 50949113 125 0.238918 0.096386 3 0 0
p 50949113 125 0.260865 0.080287 4 0 0
p 50949113 150 0.156578 0.156846 1 0 0
p 50949113 150 0.167532 0.091390 2 0 0
p 50949113 150 0.179121 0.072246 3 0 0
p 50949113 150 0.192013 0.059046 4 0 0
p 50949113 175 0.156625 0.156977 1 0 0
p 50949113 175 0.168367 0.091674 2 0 0
p 50949113 175 0.178078 0.071608 3 0 0
p 50949113 175 0.190158 0.057659 4 0 0
p 50949113 200 0.117184 0.117444 1 0 0
p 50949113 200 0.123767 0.067214 2 0 0
p 50949113 200 0.131386 0.052989 3 0 0
p 50949113 200 0.140578 0.043031 4 0 0
p 50949113 225 0.146220 0.146454 1 0 0
p 50949113 225 0.151750 0.081756 2 0 0
p 50949113 225 0.165115 0.066526 3 0 0
p 50949113 225 0.176866 0.053340 4 0 0
p 50949113 250 0.121174 0.121450 1 0 0
p 50949113 250 0.123767 0.066757 2 0 0
p 50949113 250 0.132490 0.053442 3 0 0
p 50949113 250 0.141584 0.043197 4 0 0
p 50949113 275 0.137556 0.137847 1 0 0
p 50949113 275 0.144301 0.077974 2 0 0
p 50949113 275 0.153694 0.062209 3 0 0
p 50949113 275 0.164860 0.050500 4 0 0
p 50949113 300 0.119991 0.120193 1 0 0
p 50949113 300 0.131541 0.071322 2 0 0
p 50949113 300 0.138185 0.055976 3 0 0
p 50949113 300 0.147898 0.045151 4 0 0
p 50949113 325 0.130237 0.130438 1 0 0
p 50949113 325 0.140818 0.075820 2 0 0
p 50949113 325 0.148038 0.060051 3 0 0
p 50949113 325 0.159064 0.049116 4 0 0
p 50949113 350 0.101535 0.101770 1 0 0
p 50949113 350 0.110982 0.059534 2 0 0
p 50949113 350 0.123791 0.043920 3 0 0
p 50949113 350 0.122579 0.038082 4 0 0
p 50949113 375 0.108156 0.108376 1 0 0
p 50949113 375 0.119077 0.065251 2 0 0
p 50949113 375 0.124038 0.050063 3 0 0
p 50949113 375 0.133251 0.040982 4 0 0
p 50949113 400 0.089535 0.089713 1 0 0
p 50949113 400 0.099125 0.054096 2 0 0
p 50949113 400 0.101878 0.040996 3 0 0
p 50949113 400 0.111329 0.034661 4 0 0
p 50949113 425 0.117677 0.117874 1 0 0
p 50949113 425 0.123813 0.066372 2 0 0
p 50949113 425 0.140643 0.049531 3 0 0
p 50949113 425 0.139789 0.043222 4 0 0
p 50949113 450 0.081856 0.082007 1 0 0
p 50949113 450 0.090605 0.048220 2 0 0
p 50949113 450 0.090470 0.036455 3 0 0
p 50949113 450 0.096437 0.029595 4 0 0
p 50949113 475 0.092765 0.092915 1 0 0
p 50949113 475 0.099030 0.052634 2 0 0
p 50949113 475 0.099484 0.040237 3 0 0
p 50949113 475 0.106392 0.032649 4 0 0
p 50949113 500 0.094117 0.094347 1 0 0
p 50949113 500 0.103429 0.056410 2 0 0
p 50949113 500 0.102987 0.041552 3 0 0
p 50949113 500 0.110512 0.033775 4 0 0
p 50949113 25 0.242027 0.242404 1 0 0
p 50949113 25 0.256704 0.135836 2 0 0
p 50949113 25 0.279738 0.110662 3 0 0
p 50949113 25 0.300703 0.088551 4 0 0
p 50949113 50 0.246731 0.247130 1 0 0
p 50949113 50 0.259221 0.139299 2 0 0
p 50949113 50 0.284154 0.113446 3 0 0
p 50949113 50 0.304835 0.090897 4 0 0
p 50949113 75 0.164129 0.164397 1 0 0
p 50949113 75 0.177656 0.095866 2 0 0
p 50949113 75 0.191145 0.075895 3 0 0
p 50949113 75 0.204511 0.061070 4 0 0
p 50949113 100 0.271082 0.271446 1 0 0
p 50949113 100 0.282221 0.153969 2 0 0
p 50949113 100 0.310715 0.125225 3 0 0
p 50949113 100 0.332662 0.101688 4 0 0
p 50949113 125 0.207829 0.208252 1 0 0
p 50949113 125 0.220060 0.119205 2 0 0
p 50949113 125 0.239234 0.096569 3 0 0
p 50949113 125 0.255940 0.077671 4 0 0
p 50949113 150 0.157122 0.157415 1 0 0
p 50949113 150 0.166062 0.089540 2 0 0
p 50949113 150 0.178942 0.072184 3 0 0
p 50949113 150 0.193755 0.060613 4 0 0
p 50949113 175 0.154426 0.154654 1 0 0
p 50949113 175 0.166595 0.089576 2 0 0
p 50949113 175 0.178708 0.071737 3 0 0
p 50949113 175 0.190182 0.057614 4 0 0
p 50949113 200 0.114536 0.114791 1 0 0
p 50949113 200 0.114756 0.062281 2 0 0
p 50949113 200 0.131223 0.052913 3 0 0
p 50949113 200 0.140389 0.042983 4 0 0
p 50949113 225 0.145123 0.145480 1 0 0
p 50949113 225 0.153786 0.083437 2 0 0
p 50949113 225 0.165216 0.066537 3 0 0
p 50949113 225 0.176739 0.053329 4 0 0
p 50949113 250 0.115622 0.115813 1 0 0
p 50949113 250 0.125872 0.068401 2 0 0
p 50949113 250 0.133645 0.053206 3 0 0
p 50949113 250 0.141634 0.043256 4 0 0
p 50949113 275 0.137145 0.137397 1 0 0
p 50949113 275 0.145460 0.078673 2 0 0
p 50949113 275 0.154478 0.062558 3 0 0
p 50949113 275 0.164537 0.050397 4 0 0
p 50949113 300 0.123294 0.123513 1 0 0
p 50949113 300 0.132435 0.070463 2 0 0
p 50949113 300 0.138246 0.055873 3 0 0
p 50949113 300 0.147785 0.045132 4 0 0
p 50949113 325 0.132627 0.132848 1 0 0
p 50949113 325 0.140417 0.077056 2 0 0
p 50949113 325 0.148143 0.060167 3 0 0
p 50949113 325 0.159167 0.049219 4 0 0
p 50949113 350 0.106290 0.106477 1 0 0
p 50949113 350 0.109871 0.059067 2 0 0
p 50949113 350 0.114273 0.046405 3 0 0
p 50949113 350 0.122679 0.038029 4 0 0
p 50949113 375 0.108185 0.108449 1 0 0
p 50949113 375 0.118881 0.063450 2 0 0
p 50949113 375 0.124067 0.050069 3 0 0
p 50949113 375 0.132838 0.040844 4 0 0
p 50949113 400 0.088987 0.089156 1 0 0
p 50949113 400 0.099207 0.052882 2 0 0
p 50949113 400 0.101650 0.040783 3 0 0
p 50949113 400 0.109193 0.032690 4 0 0
p 50949113 425 0.114691 0.114874 1 0 0
p 50949113 425 0.123456 0.066027 2 0 0
p 50949113 425 0.129754 0.052501 3 0 0
p 50949113 425 0.138835 0.043000 4 0 0
p 50949113 450 0.080378 0.080584 1 0 0
p 50949113 450 0.089543 0.048931 2 0 0
p 50949113 450 0.090182 0.036361 3 0 0
p 50949113 450 0.096676 0.029683 4 0 0
p 50949113 475 0.087558 0.087780 1 0 0
p 50949113 475 0.096977 0.051624 2 0 0
p 50949113 475 0.099512 0.040355 3 0 0
p 50949113 475 0.106399 0.032673 4 0 0
p 50949113 500 0.091482 0.091647 1 0 0
p 50949113 500 0.100604 0.053692 2 0 0
p 50949113 500 0.102898 0.041403 3 0 0
p 50949113 500 0.111183 0.033980 4 0 0
p 50949113 25 0.242723 0.243149 1 0 0
p 50949113 25 0.253913 0.134586 2 0 0
p 50949113 25 0.279727 0.110672 3 0 0
p 50949113 25 0.300552 0.088469 4 0 0
p 50949113 50 0.247127 0.247473 1 0 0
p 50949113 50 0.258826 0.137902 2 0 0
p 50949113 50 0.284905 0.113648 3 0 0
p 50949113 50 0.305728 0.091264 4 0 0
p 50949113 75 0.166209 0.166611 1 0 0
p 50949113 75 0.176926 0.094701 2 0 0
p 50949113 75 0.189280 0.075741 3 0 0
p 50949113 75 0.203528 0.060743 4 0 0
p 50949113 100 0.270714 0.271085 1 0 0
p 50949113 100 0.281164 0.153155 2 0 0
p 50949113 100 0.310354 0.125165 3 0 0
p 50949113 100 0.332769 0.101580 4 0 0
p 50949113 125 0.207487 0.207858 1 0 0
p 50949113 125 0.220935 0.118933 2 0 0
p 50949113 125 0.239469 0.096554 3 0 0
p 50949113 125 0.257296 0.077706 4 0 0
p 50949113 150 0.155779 0.156028 1 0 0
p 50949113 150 0.166634 0.091127 2 0 0
p 50949113 150 0.184388 0.074872 3 0 0
p 50949113 150 0.192376 0.059191 4 0 0
p 50949113 175 0.154845 0.155099 1 0 0
p 50949113 175 0.165815 0.088662 2 0 0
p 50949113 175 0.177218 0.071251 3 0 0
p 50949113 175 0.190322 0.057666 4 0 0
p 50949113 200 0.114886 0.115085 1 0 0
p 50949113 200 0.124922 0.068109 2 0 0
p 50949113 200 0.131164 0.052854 3 0 0
p 50949113 200 0.141260 0.043413 4 0 0
p 50949113 225 0.146527 0.146803 1 0 0
p 50949113 225 0.151836 0.081474 2 0 0
p 50949113 225 0.165203 0.066302 3 0 0
p 50949113 225 0.176775 0.053258 4 0 0
p 50949113 250 0.117567 0.117822 1 0 0
p 50949113 250 0.115855 0.062515 2 0 0
p 50949113 250 0.131989 0.053161 3 0 0
p 50949113 250 0.141424 0.043208 4 0 0
p 50949113 275 0.135547 0.135807 1 0 0
p 50949113 275 0.143708 0.078128 2 0 0
p 50949113 275 0.155283 0.062883 3 0 0
p 50949113 275 0.165800 0.050954 4 0 0
p 50949113 300 0.121348 0.121551 1 0 0
p 50949113 300 0.131277 0.071454 2 0 0
p 50949113 300 0.138439 0.055976 3 0 0
p 50949113 300 0.148210 0.045249 4 0 0
p 50949113 325 0.129893 0.130116 1 0 0
p 50949113 325 0.139418 0.076570 2 0 0
p 50949113 325 0.148200 0.060180 3 0 0
p 50949113 325 0.158642 0.049027 4 0 0
p 50949113 350 0.103773 0.103921 1 0 0
p 50949113 350 0.122660 0.065991 2 0 0
p 50949113 350 0.114457 0.046512 3 0 0
p 50949113 350 0.122504 0.037976 4 0 0
p 50949113 375 0.109576 0.109782 1 0 0
p 50949113 375 0.119202 0.063795 2 0 0
p 50949113 375 0.124014 0.050138 3 0 0
p 50949113 375 0.133014 0.040949 4 0 0
p 50949113 400 0.094534 0.094692 1 0 0
p 50949113 400 0.100847 0.055366 2 0 0
p 50949113 400 0.101683 0.040827 3 0 0
p 50949113 400 0.109141 0.033459 4 0 0
p 50949113 425 0.114298 0.114507 1 0 0
p 50949113 425 0.124048 0.066395 2 0 0
p 50949113 425 0.129890 0.052652 3 0 0
p 50949113 425 0.138758 0.042893 4 0 0
p 50949113 450 0.079167 0.079389 1 0 0
p 50949113 450 0.097325 0.052489 2 0 0
p 50949113 450 0.090157 0.036335 3 0 0
p 50949113 450 0.096852 0.029749 4 0 0
p 50949113 475 0.089305 0.089464 1 0 0
p 50949113 475 0.098685 0.053906 2 0 0
p 50949113 475 0.099609 0.040261 3 0 0
p 50949113 475 0.106271 0.032671 4 0 0
p 50949113 500 0.095721 0.095905 1 0 0
p 50949113 500 0.100454 0.054901 2 0 0
p 50949113 500 0.103218 0.041595 3 0 0
p 50949113 500 0.110593 0.033860 4 0 0
p 50949113 25 0.242980 0.243422 1 0 0
p 50949113 25 0.255422 0.136564 2 0 0
p 50949113 25 0.279805 0.110807 3 0 0
p 50949113 25 0.300476 0.088446 4 0 0
p 50949113 50 0.247385 0.247708 1 0 0
p 50949113 50 0.256931 0.138604 2 0 0
p 50949113 50 0.284368 0.113328 3 0 0
p 50949113 50 0.305283 0.090991 4 0 0
p 50949113 75 0.166758 0.167006 1 0 0
p 50949113 75 0.173143 0.092880 2 0 0
p 50949113 75 0.188979 0.075635 3 0 0
p 50949113 75 0.203606 0.060902 4 0 0
p 50949113 100 0.270713 0.271101 1 0 0
p 50949113 100 0.281598 0.153599 2 0 0
p 50949113 100 0.310637 0.125176 3 0 0
p 50949113 100 0.332946 0.101717 4 0 0
p 50949113 125 0.210862 0.211175 1 0 0
p 50949113 125 0.219821 0.118531 2 0 0
p 50949113 125 0.238529 0.096056 3 0 0
p 50949113 125 0.255770 0.077621 4 0 0
p 50949113 150 0.157044 0.157296 1 0 0
p 50949113 150 0.165986 0.089486 2 0 0
p 50949113 150 0.179036 0.072343 3 0 0
p 50949113 150 0.192265 0.059149 4 0 0
p 50949113 175 0.159208 0.159444 1 0 0
p 50949113 175 0.164533 0.089573 2 0 0
p 50949113 175 0.177265 0.071173 3 0 0
p 50949113 175 0.191508 0.057922 4 0 0
p 50949113 200 0.115438 0.115644 1 0 0
p 50949113 200 0.125498 0.068259 2 0 0
p 50949113 200 0.132118 0.053287 3 0 0
p 50949113 200 0.140789 0.043027 4 0 0
p 50949113 225 0.146930 0.147190 1 0 0
p 50949113 225 0.153381 0.081375 2 0 0
p 50949113 225 0.164937 0.066252 3 0 0
p 50949113 225 0.176977 0.053401 4 0 0
p 50949113 250 0.115111 0.115334 1 0 0
p 50949113 250 0.126156 0.069010 2 0 0
p 50949113 250 0.132226 0.053205 3 0 0
p 50949113 250 0.141518 0.043220 4 0 0
p 50949113 275 0.137201 0.137433 1 0 0
p 50949113 275 0.145419 0.078716 2 0 0
p 50949113 275 0.153662 0.062160 3 0 0
p 50949113 275 0.166400 0.051042 4 0 0
p 50949113 300 0.124030 0.124225 1 0 0
p 50949113 300 0.137691 0.073753 2 0 0
p 50949113 300 0.138149 0.055867 3 0 0
p 50949113 300 0.147882 0.045142 4 0 0
p 50949113 325 0.128956 0.129273 1 0 0
p 50949113 325 0.139316 0.076339 2 0 0
p 50949113 325 0.148065 0.060251 3 0 0
p 50949113 325 0.159288 0.049189 4 0 0
p 50949113 350 0.100094 0.100256 1 0 0
p 50949113 350 0.110006 0.060269 2 0 0
p 50949113 350 0.115129 0.046754 3 0 0
p 50949113 350 0.122117 0.037811 4 0 0
p 50949113 375 0.109824 0.110053 1 0 0
p 50949113 375 0.120327 0.066587 2 0 0
p 50949113 375 0.123957 0.050100 3 0 0
p 50949113 375 0.133069 0.041079 4 0 0
p 50949113 400 0.089799 0.089949 1 0 0
p 50949113 400 0.100711 0.054172 2 0 0
p 50949113 400 0.102228 0.041006 3 0 0
p 50949113 400 0.109264 0.033585 4 0 0
p 50949113 425 0.118401 0.118656 1 0 0
p 50949113 425 0.124048 0.066392 2 0 0
p 50949113 425 0.129488 0.052433 3 0 0
p 50949113 425 0.139979 0.043266 4 0 0
p 50949113 450 0.084175 0.084328 1 0 0
p 50949113 450 0.088752 0.047309 2 0 0
p 50949113 450 0.090439 0.036491 3 0 0
p 50949113 450 0.099850 0.029982 4 0 0
p 50949113 475 0.088270 0.088433 1 0 0
p 50949113 475 0.105775 0.056497 2 0 0
p 50949113 475 0.099769 0.040306 3 0 0
p 50949113 475 0.106493 0.032651 4 0 0
p 50949113 500 0.095440 0.095620 1 0 0
p 50949113 500 0.111368 0.059747 2 0 0
p 50949113 500 0.103280 0.041624 3 0 0
p 50949113 500 0.110432 0.033832 4 0 0
h 50949113 51 0.204075 0.204368 0 0 0
s 50949113 51 0.248253 0.248803 0 0 0
n 50949113 51 0.609640 0.610247 0 0 0
p 50949113 51 0.303402 0.091691 4 0 0
m 50949113 51 1.176957 1.178326 0 2 0
h 50949113 52 0.234384 0.234715 0 0 0
s 50949113 52 0.298962 0.299432 0 0 0
n 50949113 52 0.609825 0.610544 0 0 0
p 50949113 52 0.357495 0.121693 4 0 0
m 50949113 52 1.180462 1.181935 0 2 0
h 50949113 53 0.233725 0.234056 0 0 0
s 50949113 53 0.253543 0.253921 0 0 0
n 50949113 53 0.609948 0.610659 0 0 0
p 50949113 53 0.310517 0.094096 4 0 0
m 50949113 53 1.181778 1.182985 0 2 0
h 50949113 54 0.234231 0.234529 0 0 0
s 50949113 54 0.261299 0.261685 0 0 0
n 50949113 54 0.610706 0.611457 0 0 0
p 50949113 54 0.316092 0.095701 4 0 0
m 50949113 54 1.321967 1.323352 0 2 0
h 50949113 55 0.172910 0.173283 0 0 0
s 50949113 55 0.188414 0.188660 0 0 0
n 50949113 55 0.610943 0.611878 0 0 0
p 50949113 55 0.229624 0.092273 4 0 0
m 50949113 55 1.221955 1.223593 0 2 0
h 50949113 56 0.120633 0.120829 0 0 0
s 50949113 56 0.135907 0.136106 0 0 0
n 50949113 56 0.609716 0.610663 0 0 0
p 50949113 56 0.169218 0.050074 4 0 0
m 50949113 56 1.177813 1.179949 0 2 0
h 50949113 57 0.163264 0.163486 0 0 0
s 50949113 57 0.179688 0.179967 0 0 0
n 50949113 57 0.609563 0.610165 0 0 0
p 50949113 57 0.221832 0.065097 4 0 0
m 50949113 57 1.174032 1.175368 0 2 0
h 50949113 58 0.155375 0.155610 0 0 0
s 50949113 58 0.171174 0.171448 0 0 0
n 50949113 58 0.611210 0.612117 0 0 0
p 50949113 58 0.212404 0.064057 4 0 0
m 50949113 58 1.179418 1.180907 0 2 0
h 50949113 59 0.172231 0.172463 0 0 0
s 50949113 59 0.198655 0.199068 0 0 0
n 50949113 59 0.611401 0.612410 0 0 0
p 50949113 59 0.243990 0.072816 4 0 0
m 50949113 59 1.183159 1.185322 0 2 0
h 50949113 60 0.200465 0.200780 0 0 0
s 50949113 60 0.290580 0.290896 0 0 0
n 50949113 60 0.610545 0.611286 0 0 0
p 50949113 60 0.354967 0.106885 4 0 0
m 50949113 60 1.170839 1.172495 0 2 0
h 50949113 61 0.152811 0.153160 0 0 0
s 50949113 61 0.190781 0.191631 0 0 0
n 50949113 61 0.618822 0.619964 0 0 0
p 50949113 61 0.227033 0.077992 4 0 0
m 50949113 61 1.245973 1.248938 0 2 0
h 50949113 62 0.186252 0.186525 0 0 0
s 50949113 62 0.201448 0.201721 0 0 0
n 50949113 62 0.609957 0.610635 0 0 0
p 50949113 62 0.246552 0.073965 4 0 0
m 50949113 62 1.174181 1.175436 0 2 0
h 50949113 63 0.185021 0.185249 0 0 0
s 50949113 63 0.202582 0.202891 0 0 0
n 50949113 63 0.609813 0.610397 0 0 0
p 50949113 63 0.248553 0.075772 4 0 0
m 50949113 63 1.175073 1.176433 0 2 0
h 50949113 64 0.149110 0.149330 0 0 0
s 50949113 64 0.177244 0.177500 0 0 0
n 50949113 64 0.610344 0.611097 0 0 0
p 50949113 64 0.217583 0.064665 4 0 0
m 50949113 64 1.175529 1.176797 0 2 0
h 1000000 25 0.133941 0.134095 0 0 24999400
s 1000000 25 0.133810 0.133958 0 0 24999400
n 1000000 25 0.012047 0.012085 0 0 1000000
p 1000000 25 0.254951 0.064127 4 0 24999400
m 1000000 25 0.025137 0.025181 0 2 3000000
h 1000000 50 0.274512 0.274763 0 0 49997550
s 1000000 50 0.275356 0.275602 0 0 49997550
n 1000000 50 0.012015 0.012056 0 0 1000000
p 1000000 50 0.506790 0.127353 4 0 49997550
m 1000000 50 0.025127 0.025188 0 2 3000000
h 1000000 75 0.400959 0.401307 0 0 74994450
s 1000000 75 0.400339 0.400699 0 0 74994450
n 1000000 75 0.090308 0.090423 0 0 1000000
p 1000000 75 0.744221 0.187045 4 0 74994450
m 1000000 75 0.435642 0.436219 0 2 3000000
h 1000000 100 0.526900 0.527361 0 0 99990100
s 1000000 100 0.532234 0.532682 0 0 99990100
n 1000000 100 0.090311 0.090430 0 0 1000000
p 1000000 100 0.982006 0.246768 4 0 99990100
m 1000000 100 0.436717 0.437104 0 2 3000000
h 1000000 125 0.655923 0.656497 0 0 124984500
s 1000000 125 0.655184 0.655966 0 0 124984500
n 1000000 125 0.095271 0.095427 0 0 1000000
p 1000000 125 1.219701 0.306421 4 0 124984500
m 1000000 125 0.436587 0.436970 0 2 3000000
h 1000000 150 0.783283 0.784204 0 0 149977650
s 1000000 150 0.790577 0.791337 0 0 149977650
n 1000000 150 0.106288 0.106428 0 0 1000000
p 1000000 150 1.457226 0.366020 4 0 149977650
m 1000000 150 0.546962 0.547598 0 2 3000000
h 1000000 175 0.909062 0.909781 0 0 174969550
s 1000000 175 0.907020 0.908242 0 0 174969550
n 1000000 175 0.106029 0.106131 0 0 1000000
p 1000000 175 1.695293 0.425822 4 0 174969550
m 1000000 175 0.552091 0.552550 0 2 3000000
h 1000000 200 1.034923 1.035743 0 0 199960200
s 1000000 200 1.034333 1.035584 0 0 199960200
n 1000000 200 0.120361 0.120480 0 0 1000000
p 1000000 200 1.932932 0.485740 4 0 199960200
m 1000000 200 0.657005 0.657521 0 2 3000000
h 1000000 225 1.164743 1.165670 0 0 224949600
s 1000000 225 1.162873 1.163834 0 0 224949600
n 1000000 225 0.121275 0.121414 0 0 1000000
p 1000000 225 2.171536 0.545870 4 0 224949600
m 1000000 225 0.656399 0.656918 0 2 3000000
h 1000000 250 1.290061 1.291071 0 0 249937750
s 1000000 250 1.288662 1.289664 0 0 249937750
n 1000000 250 0.120362 0.120507 0 0 1000000
p 1000000 250 2.412158 0.606084 4 0 249937750
m 1000000 250 0.680267 0.680781 0 2 3000000
h 1000000 275 1.413781 1.415362 0 0 274924650
s 1000000 275 1.416184 1.417280 0 0 274924650
n 1000000 275 0.135015 0.135156 0 0 1000000
p 1000000 275 2.646612 0.664686 4 0 274924650
m 1000000 275 0.854114 0.854784 0 2 3000000
h 1000000 300 1.541000 1.542241 0 0 299910300
s 1000000 300 1.545321 1.546494 0 0 299910300
n 1000000 300 0.134973 0.135119 0 0 1000000
p 1000000 300 2.885239 0.724567 4 0 299910300
m 1000000 300 0.771696 0.772330 0 2 3000000
h 1000000 325 1.668621 1.670396 0 0 324894700
s 1000000 325 1.681665 1.686419 0 0 324894700
n 1000000 325 0.150109 0.150269 0 0 1000000
p 1000000 325 3.121312 0.784163 4 0 324894700
m 1000000 325 0.858494 0.859542 0 2 3000000
h 1000000 350 1.804050 1.805676 0 0 349877850
s 1000000 350 1.791109 1.792493 0 0 349877850
n 1000000 350 0.167872 0.168032 0 0 1000000
p 1000000 350 3.358207 0.844273 4 0 349877850
m 1000000 350 0.867094 0.868086 0 2 3000000
h 1000000 375 1.921800 1.923313 0 0 374859750
s 1000000 375 1.986643 1.988207 0 0 374859750
n 1000000 375 0.148479 0.148643 0 0 1000000
p 1000000 375 3.595771 0.903483 4 0 374859750
m 1000000 375 0.864719 0.865412 0 2 3000000
h 1000000 400 2.052477 2.054032 0 0 399840400
s 1000000 400 2.052051 2.053639 0 0 399840400
n 1000000 400 0.162000 0.162254 0 0 1000000
p 1000000 400 3.834197 0.963385 4 0 399840400
m 1000000 400 0.987112 0.987904 0 2 3000000
h 1000000 425 2.176018 2.177692 0 0 424819800
s 1000000 425 2.180852 2.182599 0 0 424819800
n 1000000 425 0.162365 0.162524 0 0 1000000
p 1000000 425 4.076111 1.023847 4 0 424819800
m 1000000 425 0.987313 0.988066 0 2 3000000
h 1000000 450 2.304414 2.306168 0 0 449797950
s 1000000 450 2.317407 2.319566 0 0 449797950
n 1000000 450 0.173945 0.174124 0 0 1000000
p 1000000 450 4.311625 1.083248 4 0 449797950
m 1000000 450 1.078262 1.079078 0 2 3000000
h 1000000 475 2.428830 2.430655 0 0 474774850
s 1000000 475 2.434726 2.436611 0 0 474774850
n 1000000 475 0.174594 0.174781 0 0 1000000
p 1000000 475 4.546681 1.142460 4 0 474774850
m 1000000 475 1.079957 1.081377 0 2 3000000
h 1000000 500 2.554588 2.556590 0 0 499750500
s 1000000 500 3.352430 3.355246 0 0 499750500
n 1000000 500 0.174824 0.175037 0 0 1000000
p 1000000 500 4.765261 1.225987 4 0 499750500
m 1000000 500 1.084490 1.085720 0 2 3000000
h 1000000 25 0.134597 0.134771 0 0 24999400
s 1000000 25 0.142486 0.142695 0 0 24999400
p 1000000 25 0.253964 0.064107 4 0 24999400
h 1000000 50 0.274826 0.275145 0 0 49997550
s 1000000 50 0.275846 0.276174 0 0 49997550
p 1000000 50 0.530876 0.141526 4 0 49997550
h 1000000 75 0.427109 0.428349 0 0 74994450
s 1000000 75 0.404101 0.404662 0 0 74994450
p 1000000 75 0.727866 0.197464 4 0 74994450
h 1000000 100 0.529001 0.529621 0 0 99990100
s 1000000 100 0.530963 0.531480 0 0 99990100
p 1000000 100 0.980355 0.247735 4 0 99990100
h 1000000 125 0.655465 0.656097 0 0 124984500
s 1000000 125 0.657386 0.658132 0 0 124984500
p 1000000 125 1.206151 0.317055 4 0 124984500
h 1000000 150 0.785656 0.786441 0 0 149977650
s 1000000 150 0.782220 0.783463 0 0 149977650
p 1000000 150 1.453196 0.368215 4 0 149977650
h 1000000 175 0.908620 0.909461 0 0 174969550
s 1000000 175 0.909162 0.910512 0 0 174969550
p 1000000 175 1.677006 0.437463 4 0 174969550
h 1000000 200 1.037597 1.038697 0 0 199960200
s 1000000 200 1.036349 1.037418 0 0 199960200
p 1000000 200 1.934041 0.486968 4 0 199960200
h 1000000 225 1.166316 1.167719 0 0 224949600
s 1000000 225 1.172956 1.174188 0 0 224949600
p 1000000 225 2.160494 0.567874 4 0 224949600
h 1000000 250 1.292925 1.294274 0 0 249937750
s 1000000 250 1.296356 1.297789 0 0 249937750
p 1000000 250 2.406005 0.606959 4 0 249937750
h 1000000 275 1.420375 1.423696 0 0 274924650
s 1000000 275 1.419429 1.420970 0 0 274924650
p 1000000 275 2.644444 0.668657 4 0 274924650
h 1000000 300 1.546005 1.548435 0 0 299910300
s 1000000 300 1.547650 1.549312 0 0 299910300
p 1000000 300 2.861693 0.732364 4 0 299910300
h 1000000 325 1.676526 1.678049 0 0 324894700
s 1000000 325 1.675057 1.677509 0 0 324894700
p 1000000 325 3.118348 0.788568 4 0 324894700
h 1000000 350 1.806405 1.808477 0 0 349877850
s 1000000 350 1.804892 1.808337 0 0 349877850
p 1000000 350 3.352179 0.847044 4 0 349877850
h 1000000 375 1.926311 1.928232 0 0 374859750
s 1000000 375 1.922935 1.924911 0 0 374859750
p 1000000 375 3.589621 0.906451 4 0 374859750
h 1000000 400 2.058442 2.060748 0 0 399840400
s 1000000 400 2.127877 2.130141 0 0 399840400
p 1000000 400 3.834434 0.967473 4 0 399840400
h 1000000 425 2.192718 2.195376 0 0 424819800
s 1000000 425 2.184244 2.186482 0 0 424819800
p 1000000 425 4.073358 1.027307 4 0 424819800
h 1000000 450 2.338932 2.341743 0 0 449797950
s 1000000 450 2.314437 2.316948 0 0 449797950
p 1000000 450 4.310366 1.087747 4 0 449797950
h 1000000 475 2.444728 2.448941 0 0 474774850
s 1000000 475 2.501480 2.505203 0 0 474774850
p 1000000 475 4.494481 1.212623 4 0 474774850
h 1000000 500 2.593967 2.597822 0 0 499750500
s 1000000 500 2.598801 2.602515 0 0 499750500
p 1000000 500 4.787707 1.206460 4 0 499750500
h 1000000 1 0.016090 0.016129 0 0 1000000
s 1000000 1 0.016228 0.016274 0 0 1000000
p 1000000 1 0.027390 0.006999 4 0 1000000
h 1000000 2 0.018332 0.018447 0 0 1999998
s 1000000 2 0.018745 0.018787 0 0 1999998
p 1000000 2 0.037535 0.009617 4 0 1999998
h 1000000 3 0.023732 0.023803 0 0 2999994
s 1000000 3 0.023747 0.023811 0 0 2999994
p 1000000 3 0.047942 0.012209 4 0 2999994
h 1000000 4 0.028690 0.028746 0 0 3999988
s 1000000 4 0.028900 0.028954 0 0 3999988
p 1000000 4 0.056796 0.014389 4 0 3999988
h 1000000 5 0.033753 0.033804 0 0 4999980
s 1000000 5 0.034245 0.034293 0 0 4999980
p 1000000 5 0.065247 0.017478 4 0 4999980
h 1000000 6 0.039445 0.039554 0 0 5999970
s 1000000 6 0.039386 0.039471 0 0 5999970
p 1000000 6 0.075586 0.019159 4 0 5999970
h 1000000 7 0.045732 0.045863 0 0 6999958
s 1000000 7 0.044634 0.044754 0 0 6999958
p 1000000 7 0.084889 0.021560 4 0 6999958
h 1000000 8 0.048665 0.048942 0 0 7999944
s 1000000 8 0.050494 0.050662 0 0 7999944
p 1000000 8 0.094157 0.023947 4 0 7999944
h 1000000 9 0.053649 0.053750 0 0 8999928
s 1000000 9 0.056956 0.057083 0 0 8999928
p 1000000 9 0.103045 0.026544 4 0 8999928
h 1000000 10 0.058711 0.058861 0 0 9999910
s 1000000 10 0.059433 0.059545 0 0 9999910
p 1000000 10 0.113126 0.028894 4 0 9999910
h 1000000 11 0.064085 0.064202 0 0 10999890
s 1000000 11 0.064642 0.064805 0 0 10999890
p 1000000 11 0.129073 0.034441 4 0 10999890
h 1000000 12 0.068699 0.068810 0 0 11999868
s 1000000 12 0.069410 0.069528 0 0 11999868
p 1000000 12 0.131195 0.033647 4 0 11999868
h 1000000 13 0.073669 0.073787 0 0 12999844
s 1000000 13 0.078058 0.078206 0 0 12999844
p 1000000 13 0.141449 0.035883 4 0 12999844
h 1000000 14 0.082422 0.082590 0 0 13999818
s 1000000 14 0.079362 0.079546 0 0 13999818
p 1000000 14 0.150732 0.038016 4 0 13999818
h 1000000 15 0.083532 0.083644 0 0 14999790
s 1000000 15 0.084708 0.084826 0 0 14999790
p 1000000 15 0.159725 0.040429 4 0 14999790
h 1000000 16 0.088665 0.088786 0 0 15999760
s 1000000 16 0.097395 0.097772 0 0 15999760
p 1000000 16 0.170430 0.042999 4 0 15999760
h 1000000 17 0.107756 0.107913 0 0 16999728
s 1000000 17 0.112215 0.112527 0 0 16999728
p 1000000 17 0.182753 0.050136 4 0 16999728
h 1000000 18 0.105611 0.105763 0 0 17999694
s 1000000 18 0.104492 0.104697 0 0 17999694
p 1000000 18 0.201396 0.051045 4 0 17999694
h 1000000 19 0.103692 0.103858 0 0 18999658
s 1000000 19 0.113642 0.113970 0 0 18999658
p 1000000 19 0.197812 0.049790 4 0 18999658
h 1000000 20 0.111575 0.111885 0 0 19999620
s 1000000 20 0.109513 0.109766 0 0 19999620
p 1000000 20 0.206820 0.052468 4 0 19999620
h 1000000 21 0.119469 0.119710 0 0 20999580
s 1000000 21 0.119866 0.120144 0 0 20999580
p 1000000 21 0.216167 0.054794 4 0 20999580
h 1000000 22 0.123912 0.124148 0 0 21999538
s 1000000 22 0.122902 0.123117 0 0 21999538
p 1000000 22 0.214395 0.068104 4 0 21999538
h 1000000 23 0.126056 0.126279 0 0 22999494
s 1000000 23 0.141623 0.142209 0 0 22999494
p 1000000 23 0.235186 0.059378 4 0 22999494
h 1000000 24 0.147193 0.147717 0 0 23999448
s 1000000 24 0.142784 0.143363 0 0 23999448
p 1000000 24 0.244114 0.061910 4 0 23999448
h 1000000 25 0.135008 0.135274 0 0 24999400
s 1000000 25 0.134411 0.134625 0 0 24999400
p 1000000 25 0.253313 0.064122 4 0 24999400
h 1000000 26 0.142804 0.143001 0 0 25999350
s 1000000 26 0.138808 0.138961 0 0 25999350
p 1000000 26 0.263095 0.066592 4 0 25999350
h 1000000 27 0.144318 0.144568 0 0 26999298
s 1000000 27 0.144389 0.144602 0 0 26999298
p 1000000 27 0.272580 0.068789 4 0 26999298
h 1000000 28 0.149727 0.149929 0 0 27999244
s 1000000 28 0.149561 0.149758 0 0 27999244
p 1000000 28 0.282999 0.071518 4 0 27999244
h 1000000 29 0.154481 0.154723 0 0 28999188
s 1000000 29 0.154228 0.154414 0 0 28999188
p 1000000 29 0.294500 0.074998 4 0 28999188
h 1000000 30 0.159618 0.159814 0 0 29999130
s 1000000 30 0.159196 0.159376 0 0 29999130
p 1000000 30 0.299773 0.076145 4 0 29999130
h 1000000 31 0.179754 0.180073 0 0 30999070
s 1000000 31 0.179395 0.179634 0 0 30999070
p 1000000 31 0.323996 0.082026 4 0 30999070
h 1000000 32 0.184270 0.184456 0 0 31999008
s 1000000 32 0.169420 0.169744 0 0 31999008
p 1000000 32 0.319554 0.080669 4 0 31999008
h 1000000 33 0.174787 0.175070 0 0 32998944
s 1000000 33 0.175008 0.175365 0 0 32998944
p 1000000 33 0.338622 0.085837 4 0 32998944
h 1000000 34 0.193600 0.193838 0 0 33998878
s 1000000 34 0.180215 0.180526 0 0 33998878
p 1000000 34 0.353084 0.089662 4 0 33998878
h 1000000 35 0.187696 0.188013 0 0 34998810
s 1000000 35 0.199677 0.199951 0 0 34998810
p 1000000 35 0.362949 0.091622 4 0 34998810
h 1000000 36 0.204685 0.204885 0 0 35998740
s 1000000 36 0.202279 0.202578 0 0 35998740
p 1000000 36 0.372890 0.094061 4 0 35998740
h 1000000 37 0.210121 0.210490 0 0 36998668
s 1000000 37 0.208857 0.209124 0 0 36998668
p 1000000 37 0.383046 0.096261 4 0 36998668
h 1000000 38 0.213991 0.214259 0 0 37998594
s 1000000 38 0.212538 0.212886 0 0 37998594
p 1000000 38 0.393754 0.099799 4 0 37998594
h 1000000 39 0.221143 0.221494 0 0 38998518
s 1000000 39 0.220240 0.220492 0 0 38998518
p 1000000 39 0.401401 0.101464 4 0 38998518
h 1000000 40 0.224817 0.225164 0 0 39998440
s 1000000 40 0.224121 0.224416 0 0 39998440
p 1000000 40 0.409548 0.104386 4 0 39998440
h 1000000 41 0.230847 0.231169 0 0 40998360
s 1000000 41 0.229741 0.230057 0 0 40998360
p 1000000 41 0.419806 0.106161 4 0 40998360
h 1000000 42 0.235568 0.235838 0 0 41998278
s 1000000 42 0.235246 0.235707 0 0 41998278
p 1000000 42 0.430866 0.108694 4 0 41998278
h 1000000 43 0.255427 0.255976 0 0 42998194
s 1000000 43 0.239461 0.239755 0 0 42998194
p 1000000 43 0.438463 0.111341 4 0 42998194
h 1000000 44 0.245609 0.246266 0 0 43998108
s 1000000 44 0.245191 0.245620 0 0 43998108
p 1000000 44 0.450478 0.113942 4 0 43998108
h 1000000 45 0.319275 0.319734 0 0 44998020
s 1000000 45 0.249348 0.249736 0 0 44998020
p 1000000 45 0.458719 0.116475 4 0 44998020
h 1000000 46 0.253769 0.254087 0 0 45997930
s 1000000 46 0.259722 0.260064 0 0 45997930
p 1000000 46 0.464739 0.121555 4 0 45997930
h 1000000 47 0.260409 0.260719 0 0 46997838
s 1000000 47 0.259168 0.259497 0 0 46997838
p 1000000 47 0.477867 0.120413 4 0 46997838
h 1000000 48 0.264925 0.265227 0 0 47997744
s 1000000 48 0.264008 0.264286 0 0 47997744
p 1000000 48 0.486369 0.122766 4 0 47997744
h 1000000 49 0.270371 0.270771 0 0 48997648
s 1000000 49 0.274856 0.275165 0 0 48997648
p 1000000 49 0.496887 0.125511 4 0 48997648
h 1000000 50 0.274830 0.275174 0 0 49997550
s 1000000 50 0.276192 0.276610 0 0 49997550
p 1000000 50 0.505787 0.127563 4 0 49997550
h 1000000 51 0.278389 0.278804 0 0 50997450
s 1000000 51 0.278489 0.278900 0 0 50997450
p 1000000 51 0.512813 0.131931 4 0 50997450
h 1000000 52 0.285365 0.285621 0 0 51997348
s 1000000 52 0.286574 0.286945 0 0 51997348
p 1000000 52 0.524721 0.132604 4 0 51997348
h 1000000 53 0.289080 0.289451 0 0 52997244
s 1000000 53 0.290035 0.290397 0 0 52997244
p 1000000 53 0.533988 0.134727 4 0 52997244
h 1000000 54 0.296302 0.296753 0 0 53997138
s 1000000 54 0.306633 0.309959 0 0 53997138
p 1000000 54 0.545927 0.137848 4 0 53997138
h 1000000 55 0.299983 0.300499 0 0 54997030
s 1000000 55 0.300684 0.301026 0 0 54997030
p 1000000 55 0.553615 0.139733 4 0 54997030
h 1000000 56 0.319817 0.320274 0 0 55996920
s 1000000 56 0.304719 0.305102 0 0 55996920
p 1000000 56 0.563147 0.142250 4 0 55996920
h 1000000 57 0.312867 0.313357 0 0 56996808
s 1000000 57 0.310494 0.311225 0 0 56996808
p 1000000 57 0.572684 0.144487 4 0 56996808
h 1000000 58 0.315668 0.315973 0 0 57996694
s 1000000 58 0.316402 0.316828 0 0 57996694
p 1000000 58 0.582447 0.146753 4 0 57996694
h 1000000 59 0.320929 0.321485 0 0 58996578
s 1000000 59 0.321057 0.321628 0 0 58996578
p 1000000 59 0.591734 0.149380 4 0 58996578
h 1000000 60 0.324732 0.325120 0 0 59996460
s 1000000 60 0.327842 0.328278 0 0 59996460
p 1000000 60 0.601369 0.151790 4 0 59996460
h 1000000 61 0.395913 0.396469 0 0 60996340
s 1000000 61 0.332978 0.333412 0 0 60996340
p 1000000 61 0.609403 0.153954 4 0 60996340
h 1000000 62 0.336494 0.336897 0 0 61996218
s 1000000 62 0.337045 0.337443 0 0 61996218
p 1000000 62 0.621484 0.157001 4 0 61996218
h 1000000 63 0.346422 0.346989 0 0 62996094
s 1000000 63 0.343099 0.343699 0 0 62996094
p 1000000 63 0.629661 0.159034 4 0 62996094
h 1000000 64 0.345973 0.346302 0 0 63995968
s 1000000 64 0.346916 0.347314 0 0 63995968
p 1000000 64 0.638508 0.161122 4 0 63995968
n 1000000 1 0.012021 0.012054 0 0 1000000
m 1000000 1 0.025209 0.025252 0 2 3000000
n 1000000 2 0.012028 0.012100 0 0 1000000
m 1000000 2 0.025181 0.025228 0 2 3000000
n 1000000 3 0.012107 0.012153 0 0 1000000
m 1000000 3 0.029255 0.029326 0 2 3000000
n 1000000 4 0.012055 0.012122 0 0 1000000
m 1000000 4 0.025118 0.025177 0 2 3000000
n 1000000 5 0.012102 0.012143 0 0 1000000
m 1000000 5 0.025267 0.025331 0 2 3000000
n 1000000 6 0.012027 0.012064 0 0 1000000
m 1000000 6 0.025088 0.025175 0 2 3000000
n 1000000 7 0.012006 0.012032 0 0 1000000
m 1000000 7 0.025111 0.025170 0 2 3000000
n 1000000 8 0.012076 0.012113 0 0 1000000
m 1000000 8 0.025959 0.026022 0 2 3000000
n 1000000 9 0.012066 0.012119 0 0 1000000
m 1000000 9 0.025222 0.025283 0 2 3000000
n 1000000 10 0.012025 0.012065 0 0 1000000
m 1000000 10 0.025135 0.025172 0 2 3000000
n 1000000 11 0.012102 0.012133 0 0 1000000
m 1000000 11 0.025527 0.025596 0 2 3000000
n 1000000 12 0.012019 0.012064 0 0 1000000
m 1000000 12 0.025536 0.025620 0 2 3000000
n 1000000 13 0.012037 0.012066 0 0 1000000
m 1000000 13 0.025123 0.025177 0 2 3000000
n 1000000 14 0.012011 0.012043 0 0 1000000
m 1000000 14 0.025161 0.025221 0 2 3000000
n 1000000 15 0.012025 0.012059 0 0 1000000
m 1000000 15 0.025190 0.025244 0 2 3000000
n 1000000 16 0.012295 0.012496 0 0 1000000
m 1000000 16 0.025398 0.025455 0 2 3000000
n 1000000 17 0.012009 0.012045 0 0 1000000
m 1000000 17 0.025253 0.025319 0 2 3000000
n 1000000 18 0.012063 0.012092 0 0 1000000
m 1000000 18 0.025225 0.025329 0 2 3000000
n 1000000 19 0.012060 0.012098 0 0 1000000
m 1000000 19 0.025605 0.025692 0 2 3000000
n 1000000 20 0.012076 0.012105 0 0 1000000
m 1000000 20 0.025802 0.025915 0 2 3000000
n 1000000 21 0.012246 0.012297 0 0 1000000
m 1000000 21 0.027118 0.027178 0 2 3000000
n 1000000 22 0.012046 0.012096 0 0 1000000
m 1000000 22 0.025214 0.025300 0 2 3000000
n 1000000 23 0.012006 0.012035 0 0 1000000
m 1000000 23 0.025242 0.025321 0 2 3000000
n 1000000 24 0.012009 0.012041 0 0 1000000
m 1000000 24 0.025137 0.025191 0 2 3000000
n 1000000 25 0.012076 0.012125 0 0 1000000
m 1000000 25 0.025600 0.025658 0 2 3000000
n 1000000 26 0.012086 0.012140 0 0 1000000
m 1000000 26 0.025179 0.025222 0 2 3000000
n 1000000 27 0.012678 0.012724 0 0 1000000
m 1000000 27 0.026065 0.026170 0 2 3000000
n 1000000 28 0.012005 0.012046 0 0 1000000
m 1000000 28 0.025133 0.025182 0 2 3000000
n 1000000 29 0.012231 0.012274 0 0 1000000
m 1000000 29 0.025127 0.025188 0 2 3000000
n 1000000 30 0.012025 0.012109 0 0 1000000
m 1000000 30 0.025396 0.025477 0 2 3000000
n 1000000 31 0.012072 0.012154 0 0 1000000
m 1000000 31 0.025259 0.025326 0 2 3000000
n 1000000 32 0.012036 0.012064 0 0 1000000
m 1000000 32 0.026168 0.026226 0 2 3000000
n 1000000 33 0.012001 0.012021 0 0 1000000
m 1000000 33 0.025122 0.025173 0 2 3000000
n 1000000 34 0.012029 0.012057 0 0 1000000
m 1000000 34 0.025221 0.025288 0 2 3000000
n 1000000 35 0.012103 0.012131 0 0 1000000
m 1000000 35 0.025184 0.025237 0 2 3000000
n 1000000 36 0.012028 0.012064 0 0 1000000
m 1000000 36 0.025220 0.025256 0 2 3000000
n 1000000 37 0.012066 0.012152 0 0 1000000
m 1000000 37 0.025167 0.025227 0 2 3000000
n 1000000 38 0.012014 0.012068 0 0 1000000
m 1000000 38 0.025209 0.025273 0 2 3000000
n 1000000 39 0.012024 0.012109 0 0 1000000
m 1000000 39 0.025439 0.025507 0 2 3000000
n 1000000 40 0.012550 0.012596 0 0 1000000
m 1000000 40 0.025798 0.025881 0 2 3000000
n 1000000 41 0.012034 0.012086 0 0 1000000
m 1000000 41 0.025125 0.025175 0 2 3000000
n 1000000 42 0.012055 0.012092 0 0 1000000
m 1000000 42 0.025231 0.025310 0 2 3000000
n 1000000 43 0.012032 0.012087 0 0 1000000
m 1000000 43 0.025407 0.025466 0 2 3000000
n 1000000 44 0.012004 0.012030 0 0 1000000
m 1000000 44 0.025189 0.025256 0 2 3000000
n 1000000 45 0.012014 0.012042 0 0 1000000
m 1000000 45 0.025511 0.025604 0 2 3000000
n 1000000 46 0.012020 0.012054 0 0 1000000
m 1000000 46 0.025202 0.025263 0 2 3000000
n 1000000 47 0.012103 0.012154 0 0 1000000
m 1000000 47 0.025342 0.025410 0 2 3000000
n 1000000 48 0.012079 0.012113 0 0 1000000
m 1000000 48 0.025177 0.025237 0 2 3000000
n 1000000 49 0.012057 0.012107 0 0 1000000
m 1000000 49 0.025671 0.025759 0 2 3000000
n 1000000 50 0.012039 0.012069 0 0 1000000
m 1000000 50 0.025266 0.025327 0 2 3000000
n 1000000 51 0.012090 0.012138 0 0 1000000
m 1000000 51 0.025995 0.026118 0 2 3000000
n 1000000 52 0.012088 0.012132 0 0 1000000
m 1000000 52 0.025180 0.025254 0 2 3000000
n 1000000 53 0.012006 0.012037 0 0 1000000
m 1000000 53 0.025233 0.025277 0 2 3000000
n 1000000 54 0.012056 0.012084 0 0 1000000
m 1000000 54 0.025247 0.025309 0 2 3000000
n 1000000 55 0.012010 0.012038 0 0 1000000
m 1000000 55 0.025383 0.025429 0 2 3000000
n 1000000 56 0.012091 0.012132 0 0 1000000
m 1000000 56 0.025179 0.025252 0 2 3000000
n 1000000 57 0.011994 0.012030 0 0 1000000
m 1000000 57 0.025131 0.025175 0 2 3000000
n 1000000 58 0.012015 0.012060 0 0 1000000
m 1000000 58 0.025297 0.025374 0 2 3000000
n 1000000 59 0.012007 0.012060 0 0 1000000
m 1000000 59 0.025650 0.025714 0 2 3000000
n 1000000 60 0.012078 0.012123 0 0 1000000
m 1000000 60 0.025210 0.025257 0 2 3000000
n 1000000 61 0.012337 0.012382 0 0 1000000
m 1000000 61 0.025114 0.025178 0 2 3000000
n 1000000 62 0.012069 0.012118 0 0 1000000
m 1000000 62 0.029517 0.029574 0 2 3000000
n 1000000 63 0.012062 0.012116 0 0 1000000
m 1000000 63 0.025139 0.025187 0 2 3000000
n 1000000 64 0.011997 0.012025 0 0 1000000
m 1000000 64 0.025220 0.025301 0 2 3000000
h 156699065 50 0.825654 0.826715 0 0 44098806
s 156699065 50 1.233600 1.235910 0 0 59503849
n 156699065 50 1.877852 1.880192 0 0 156699065
p 156699065 50 1.568131 0.400300 4 0 59503877
m 156699065 50 3.613680 3.619976 0 2 470097195
h 156699065 30 0.169638 0.170104 0 0 10517185
s 156699065 30 0.220852 0.221272 0 0 13218316
n 156699065 30 1.877103 1.879579 0 0 156699065
p 156699065 30 0.311525 0.080378 4 0 13218315
m 156699065 30 3.611224 3.615285 0 2 470097195
h 156699065 15 0.336276 0.336826 0 0 21699900
s 156699065 15 0.311063 0.311552 0 0 19990161
n 156699065 15 1.876139 1.878479 0 0 156699065
p 156699065 15 0.452337 0.119754 4 0 19990185
m 156699065 15 3.786246 3.806370 0 2 470097195
h 156699065 5 1.115673 1.120383 0 0 61082887
s 156699065 5 1.231011 1.236561 0 0 62553100
n 156699065 5 1.877023 1.881009 0 0 156699065
p 156699065 5 1.633216 0.415192 4 0 62553101
m 156699065 5 3.685635 3.690526 0 2 470097195
h 50949113 50 0.237034 0.237399 0 0 12942603
s 50949113 50 0.327817 0.328464 0 0 16610470
n 50949113 50 0.609961 0.611012 0 0 50949113
p 50949113 50 0.423756 0.123086 4 0 16610498
m 50949113 50 1.174560 1.176029 0 2 152847339
h 50949113 30 0.068132 0.068278 0 0 4062460
s 50949113 30 0.098365 0.098525 0 0 5684599
n 50949113 30 0.610001 0.611133 0 0 50949113
p 50949113 30 0.130073 0.041562 4 0 5684605
m 50949113 30 1.171548 1.172696 0 2 152847339
h 50949113 15 0.101278 0.101476 0 0 6596176
s 50949113 15 0.095650 0.095822 0 0 6229503
n 50949113 15 0.610079 0.610931 0 0 50949113
p 50949113 15 0.140438 0.036585 4 0 6229512
m 50949113 15 1.172412 1.174129 0 2 152847339
h 50949113 5 0.324972 0.325451 0 0 17941611
s 50949113 5 0.354991 0.355500 0 0 18593763
n 50949113 5 0.610442 0.611320 0 0 50949113
p 50949113 5 0.467655 0.131299 4 0 18593759
m 50949113 5 1.199428 1.201021 0 2 152847339
h 101540352 50 0.420380 0.421009 0 0 22511219
s 101540352 50 0.625109 0.626082 0 0 31496731
n 101540352 50 1.216471 1.218356 0 0 101540352
p 101540352 50 0.828693 0.219582 4 0 31496750
m 101540352 50 2.342557 2.345216 0 2 304621056
h 101540352 30 0.154386 0.154681 0 0 9596585
s 101540352 30 0.210656 0.211067 0 0 12470006
n 101540352 30 1.215612 1.217172 0 0 101540352
p 101540352 30 0.291691 0.083082 4 0 12470005
m 101540352 30 2.344136 2.346991 0 2 304621056
h 101540352 15 0.223527 0.223829 0 0 14376816
s 101540352 15 0.215256 0.215664 0 0 13378377
n 101540352 15 1.216319 1.217995 0 0 101540352
p 101540352 15 0.306867 0.080938 4 0 13378381
m 101540352 15 2.355305 2.357868 0 2 304621056
h 101540352 5 0.620815 0.621509 0 0 35708326
s 101540352 5 0.650534 0.651417 0 0 34808092
n 101540352 5 1.215352 1.216776 0 0 101540352
p 101540352 5 0.869617 0.225271 4 0 34808103
m 101540352 5 2.401264 2.405796 0 2 304621056
h 204854690 50 0.741032 0.742135 0 0 40217931
s 204854690 50 1.071462 1.075202 0 0 54317342
n 204854690 50 2.452994 2.456100 0 0 204854690
p 204854690 50 1.343761 0.444798 4 0 54317350
m 204854690 50 4.731375 4.737287 0 2 614564070
h 204854690 30 0.297231 0.297833 0 0 18259044
s 204854690 30 0.466246 0.467033 0 0 28145885
n 204854690 30 2.453520 2.456762 0 0 204854690
p 204854690 30 0.612837 0.240830 4 0 28145873
m 204854690 30 4.727536 4.733013 0 2 614564070
h 204854690 15 0.457803 0.458572 0 0 29445446
s 204854690 15 0.448350 0.449320 0 0 28349226
n 204854690 15 2.453656 2.456360 0 0 204854690
p 204854690 15 0.632885 0.177586 4 0 28349217
m 204854690 15 4.743171 4.748962 0 2 614564070
h 204854690 5 1.166787 1.168481 0 0 67149528
s 204854690 5 1.198669 1.200797 0 0 65304538
n 204854690 5 2.454387 2.457574 0 0 204854690
p 204854690 5 1.566394 0.468920 4 0 65304538
m 204854690 5 4.802993 4.811319 0 2 614564070
h 3402262 50 0.021453 0.021581 0 0 1118617
s 3402262 50 0.031953 0.032000 0 0 1651312
n 3402262 50 0.040713 0.040777 0 0 3402262
p 3402262 50 0.042677 0.011087 4 0 1651316
m 3402262 50 0.078403 0.078500 0 2 10206786
h 3402262 30 0.002283 0.002295 0 0 146339
s 3402262 30 0.002083 0.002093 0 0 140277
n 3402262 30 0.040769 0.040821 0 0 3402262
p 3402262 30 0.003564 0.001043 4 0 140279
m 3402262 30 0.078503 0.078604 0 2 10206786
h 3402262 15 0.006084 0.006109 0 0 410371
s 3402262 15 0.005167 0.005192 0 0 365401
n 3402262 15 0.040739 0.040789 0 0 3402262
p 3402262 15 0.008266 0.002261 4 0 365408
m 3402262 15 0.078397 0.078582 0 2 10206786
h 3402262 5 0.026269 0.026313 0 0 1482416
s 3402262 5 0.028282 0.028327 0 0 1474448
n 3402262 5 0.040862 0.040973 0 0 3402262
p 3402262 5 0.038076 0.010205 4 0 1474448
m 3402262 5 0.081063 0.081177 0 2 10206786
h 5198187 50 0.034613 0.034662 0 0 1867527
s 5198187 50 0.048113 0.048164 0 0 2416999
n 5198187 50 0.062286 0.062367 0 0 5198187
p 5198187 50 0.063790 0.016286 4 0 2417026
m 5198187 50 0.125767 0.125997 0 2 15594561
h 5198187 30 0.003565 0.003579 0 0 228492
s 5198187 30 0.003252 0.003266 0 0 218665
n 5198187 30 0.062244 0.062376 0 0 5198187
p 5198187 30 0.005369 0.001516 4 0 218663
m 5198187 30 0.119856 0.120006 0 2 15594561
h 5198187 15 0.010095 0.010124 0 0 671095
s 5198187 15 0.008435 0.008452 0 0 590620
n 5198187 15 0.062215 0.062330 0 0 5198187
p 5198187 15 0.013486 0.003581 4 0 590625
m 5198187 15 0.120580 0.120786 0 2 15594561
h 5198187 5 0.041520 0.041588 0 0 2214985
s 5198187 5 0.047508 0.047566 0 0 2375968
n 5198187 5 0.062304 0.062396 0 0 5198187
p 5198187 5 0.063093 0.016376 4 0 2375970
m 5198187 5 0.123406 0.123610 0 2 15594561
h 1080685 50 0.007013 0.007041 0 0 350674
s 1080685 50 0.009871 0.009912 0 0 504227
n 1080685 50 0.012947 0.012980 0 0 1080685
p 1080685 50 0.013311 0.003583 4 0 504267
m 1080685 50 0.024922 0.024987 0 2 3242055
h 1080685 30 0.000721 0.000726 0 0 46465
s 1080685 30 0.000662 0.000666 0 0 44603
n 1080685 30 0.012928 0.012951 0 0 1080685
p 1080685 30 0.001341 0.000456 4 0 44604
m 1080685 30 0.030058 0.030112 0 2 3242055
h 1080685 15 0.001962 0.001977 0 0 131699
s 1080685 15 0.001659 0.001663 0 0 116357
n 1080685 15 0.012974 0.013022 0 0 1080685
p 1080685 15 0.002860 0.000820 4 0 116355
m 1080685 15 0.024962 0.025006 0 2 3242055
h 1080685 5 0.008073 0.008104 0 0 453303
s 1080685 5 0.008955 0.008994 0 0 463368
n 1080685 5 0.012965 0.012999 0 0 1080685
p 1080685 5 0.012071 0.003414 4 0 463385
m 1080685 5 0.025623 0.025683 0 2 3242055
