s 50949113 10 0.192290 0.192556 0 0 10527477
p 50949113 10 0.255926 0.070505 4 0 10527476
s 50949113 20 0.250943 0.251292 0 0 12756647
p 50949113 20 0.324939 0.096203 4 0 12756645
s 50949113 30 0.263421 0.263718 0 0 13742770
p 50949113 30 0.342139 0.101244 4 0 13742784
s 50949113 40 0.329845 0.331810 0 0 16581084
p 50949113 40 0.420515 0.125830 4 0 16581107
s 50949113 50 0.296296 0.296706 0 0 14566062
p 50949113 50 0.373506 0.111055 4 0 14566050
s 50949113 60 0.220981 0.221639 0 0 11149069
p 50949113 60 0.284075 0.085034 4 0 11149057
s 50949113 70 0.189253 0.189585 0 0 9764787
p 50949113 70 0.244011 0.074042 4 0 9764817
s 50949113 80 0.017288 0.017371 0 0 824176
p 50949113 80 0.024477 0.006536 4 0 824481
s 50949113 90 0.254990 0.255286 0 0 12841354
p 50949113 90 0.325963 0.099758 4 0 12841357
s 50949113 100 0.200664 0.200933 0 0 9905239
p 50949113 100 0.255966 0.077889 4 0 9905301
s 50949113 110 0.191505 0.191824 0 0 9609452
p 50949113 110 0.245365 0.074124 4 0 9609457
s 50949113 120 0.189587 0.189927 0 0 9467629
p 50949113 120 0.242498 0.074092 4 0 9467656
s 50949113 130 0.190740 0.191406 0 0 8598562
p 50949113 130 0.219841 0.067904 4 0 8598551
s 50949113 140 0.165494 0.165846 0 0 8107659
p 50949113 140 0.210946 0.064284 4 0 8107661
s 50949113 150 0.168137 0.168427 0 0 8398929
p 50949113 150 0.214388 0.064675 4 0 8398989
s 50949113 160 0.174384 0.174664 0 0 8587168
p 50949113 160 0.222420 0.068295 4 0 8587120
s 50949113 170 0.183981 0.184324 0 0 9174381
p 50949113 170 0.233916 0.070489 4 0 9174415
s 50949113 180 0.184756 0.185005 0 0 9209596
p 50949113 180 0.234609 0.071818 4 0 9209606
s 50949113 190 0.137562 0.137755 0 0 6721494
p 50949113 190 0.174605 0.053460 4 0 6721454
s 50949113 200 0.165637 0.165900 0 0 8346293
p 50949113 200 0.212430 0.064302 4 0 8346173
s 50949113 210 0.164995 0.165360 0 0 8127064
p 50949113 210 0.211059 0.064811 4 0 8127062
s 50949113 220 0.164829 0.165057 0 0 8122540
p 50949113 220 0.210951 0.064131 4 0 8122622
s 50949113 230 0.144369 0.144531 0 0 7093841
p 50949113 230 0.184103 0.056463 4 0 7093910
s 50949113 240 0.098633 0.098795 0 0 4792040
p 50949113 240 0.125582 0.038109 4 0 4792123
s 50949113 250 0.149320 0.149622 0 0 7490960
p 50949113 250 0.190370 0.057799 4 0 7490843
s 50949113 260 0.113912 0.114082 0 0 5507097
p 50949113 260 0.144085 0.044562 4 0 5507156
s 50949113 270 0.161803 0.161983 0 0 7992250
p 50949113 270 0.212969 0.064152 4 0 7992281
s 50949113 280 0.123370 0.123595 0 0 6034374
p 50949113 280 0.158526 0.047886 4 0 6034528
s 50949113 290 0.123753 0.123940 0 0 6101050
p 50949113 290 0.157280 0.048181 4 0 6101142
s 50949113 300 0.132666 0.132864 0 0 6471376
p 50949113 300 0.168181 0.051681 4 0 6471411
s 50949113 310 0.106022 0.106170 0 0 5355066
p 50949113 310 0.135886 0.041284 4 0 5355155
s 50949113 320 0.119458 0.119613 0 0 5819850
p 50949113 320 0.153057 0.046882 4 0 5819932
s 50949113 330 0.122694 0.122927 0 0 5988809
p 50949113 330 0.155662 0.048844 4 0 5988852
s 50949113 340 0.121874 0.122137 0 0 5949727
p 50949113 340 0.154316 0.048358 4 0 5949681
s 50949113 350 0.131572 0.131779 0 0 6488415
p 50949113 350 0.167222 0.051526 4 0 6488236
s 50949113 360 0.113246 0.113419 0 0 5716997
p 50949113 360 0.144696 0.044487 4 0 5717074
s 50949113 370 0.091724 0.091900 0 0 4470335
p 50949113 370 0.116622 0.036009 4 0 4470264
s 50949113 380 0.098161 0.098369 0 0 4746783
p 50949113 380 0.124455 0.037921 4 0 4746730
s 50949113 390 0.104455 0.104688 0 0 4948794
p 50949113 390 0.128722 0.039551 4 0 4948771
s 50949113 400 0.113324 0.113532 0 0 5539677
p 50949113 400 0.142266 0.055987 4 0 5539520
s 50949113 410 0.116968 0.117139 0 0 5896028
p 50949113 410 0.148547 0.045845 4 0 5895911
s 50949113 420 0.105767 0.105986 0 0 5106167
p 50949113 420 0.133437 0.041196 4 0 5106259
s 50949113 430 0.077601 0.077726 0 0 3750932
p 50949113 430 0.098666 0.030178 4 0 3751165
s 50949113 440 0.093078 0.093205 0 0 4656570
p 50949113 440 0.118174 0.035745 4 0 4656627
s 50949113 450 0.105256 0.105503 0 0 5108735
p 50949113 450 0.132956 0.040819 4 0 5108735
s 50949113 460 0.085113 0.085230 0 0 4174638
p 50949113 460 0.108513 0.033200 4 0 4174649
s 50949113 470 0.091178 0.091329 0 0 4426065
p 50949113 470 0.116773 0.035745 4 0 4425983
s 50949113 480 0.098336 0.098554 0 0 4405221
p 50949113 480 0.115346 0.035189 4 0 4405299
s 50949113 490 0.093266 0.093454 0 0 4446720
p 50949113 490 0.117469 0.037413 4 0 4446837
s 50949113 500 0.103681 0.103860 0 0 5046062
p 50949113 500 0.131314 0.040594 4 0 5046206
s 50949113 510 0.093090 0.093285 0 0 4493945
p 50949113 510 0.117103 0.035769 4 0 4493871
s 50949113 520 0.082994 0.083101 0 0 4121048
p 50949113 520 0.105042 0.032594 4 0 4121027
s 50949113 530 0.081374 0.081480 0 0 3920578
p 50949113 530 0.102493 0.031870 4 0 3920283
s 50949113 540 0.091399 0.091557 0 0 4406105
p 50949113 540 0.114465 0.035504 4 0 4406144
s 50949113 550 0.079942 0.080095 0 0 3823040
p 50949113 550 0.097919 0.031674 4 0 3823295
s 50949113 560 0.068115 0.068245 0 0 3341019
p 50949113 560 0.086192 0.026207 4 0 3340996
s 50949113 570 0.080451 0.080560 0 0 3855354
p 50949113 570 0.100781 0.031036 4 0 3855200
s 50949113 580 0.099808 0.100011 0 0 4761604
p 50949113 580 0.124934 0.038693 4 0 4761093
s 50949113 590 0.091776 0.091885 0 0 4369915
p 50949113 590 0.114528 0.034947 4 0 4370114
s 50949113 600 0.091495 0.091691 0 0 4331532
p 50949113 600 0.113749 0.034953 4 0 4331871
s 50949113 610 0.080676 0.080828 0 0 3943193
p 50949113 610 0.101305 0.030978 4 0 3943384
s 50949113 620 0.078082 0.078188 0 0 3693615
p 50949113 620 0.097516 0.029703 4 0 3693870
s 50949113 630 0.073979 0.074100 0 0 3604374
p 50949113 630 0.092964 0.028509 4 0 3604506
s 50949113 640 0.074795 0.074907 0 0 3561064
p 50949113 640 0.093736 0.028926 4 0 3561133
s 50949113 650 0.080594 0.080717 0 0 3954398
p 50949113 650 0.101612 0.031533 4 0 3954251
s 50949113 660 0.092208 0.092362 0 0 4386012
p 50949113 660 0.115512 0.035516 4 0 4386333
s 50949113 670 0.066337 0.066471 0 0 3276992
p 50949113 670 0.083901 0.025550 4 0 3276661
s 50949113 680 0.065924 0.066015 0 0 3114347
p 50949113 680 0.082697 0.025453 4 0 3114309
s 50949113 690 0.080530 0.080654 0 0 3783445
p 50949113 690 0.100559 0.030993 4 0 3783959
s 50949113 700 0.068068 0.068171 0 0 3229893
p 50949113 700 0.085026 0.026309 4 0 3230131
s 50949113 710 0.071930 0.072037 0 0 3351438
p 50949113 710 0.089722 0.027483 4 0 3351406
s 50949113 720 0.060290 0.060370 0 0 2927845
p 50949113 720 0.075996 0.023198 4 0 2927481
s 50949113 730 0.069005 0.069095 0 0 3236472
p 50949113 730 0.086625 0.027142 4 0 3236255
s 50949113 740 0.067328 0.067425 0 0 3142874
p 50949113 740 0.083920 0.026077 4 0 3143236
s 50949113 750 0.067594 0.067714 0 0 3311331
p 50949113 750 0.085275 0.026256 4 0 3311515
s 50949113 760 0.068309 0.068409 0 0 3325842
p 50949113 760 0.085658 0.026443 4 0 3326160
s 50949113 770 0.068826 0.068914 0 0 3213038
p 50949113 770 0.085989 0.026372 4 0 3213456
s 50949113 780 0.061849 0.061935 0 0 2871445
p 50949113 780 0.076868 0.023708 4 0 2871368
s 50949113 790 0.062210 0.062387 0 0 2908535
p 50949113 790 0.077471 0.023672 4 0 2908504
s 50949113 800 0.057722 0.057820 0 0 2678467
p 50949113 800 0.071644 0.022153 4 0 2678618
s 50949113 810 0.081882 0.082008 0 0 3786053
p 50949113 810 0.100069 0.031015 4 0 3786296
s 50949113 820 0.070532 0.070613 0 0 3235008
p 50949113 820 0.083856 0.025748 4 0 3235317
s 50949113 830 0.072739 0.072868 0 0 3396197
p 50949113 830 0.090214 0.027739 4 0 3395983
s 50949113 840 0.064012 0.064110 0 0 2986050
p 50949113 840 0.079634 0.025182 4 0 2986016
s 50949113 850 0.068703 0.068787 0 0 3193576
p 50949113 850 0.085807 0.026247 4 0 3193212
s 50949113 860 0.059731 0.059816 0 0 2776432
p 50949113 860 0.074584 0.022987 4 0 2776709
s 50949113 870 0.053053 0.053145 0 0 2589425
p 50949113 870 0.066983 0.020838 4 0 2589276
s 50949113 880 0.054682 0.054771 0 0 2617158
p 50949113 880 0.068777 0.020935 4 0 2617207
s 50949113 890 0.004898 0.004911 0 0 112796
p 50949113 890 0.006267 0.001785 4 0 112296
s 50949113 900 0.059992 0.060096 0 0 2762258
p 50949113 900 0.074809 0.022663 4 0 2762308
s 50949113 910 0.062641 0.062768 0 0 2904729
p 50949113 910 0.078354 0.024120 4 0 2904457
s 50949113 920 0.049981 0.050108 0 0 2321539
p 50949113 920 0.062690 0.019327 4 0 2321526
s 50949113 930 0.057869 0.058012 0 0 2756097
p 50949113 930 0.071588 0.022095 4 0 2756185
s 50949113 940 0.059886 0.059973 0 0 2763299
p 50949113 940 0.074279 0.022990 4 0 2763865
s 50949113 950 0.050471 0.050549 0 0 2428920
p 50949113 950 0.063976 0.019742 4 0 2429187
s 50949113 960 0.046992 0.047058 0 0 2125213
p 50949113 960 0.056813 0.017590 4 0 2125141
s 50949113 970 0.049000 0.049078 0 0 2321627
p 50949113 970 0.061501 0.018729 4 0 2321085
s 50949113 980 0.065159 0.065243 0 0 3086144
p 50949113 980 0.081841 0.025255 4 0 3085357
s 50949113 990 0.059837 0.060011 0 0 2624733
p 50949113 990 0.071020 0.021880 4 0 2624894
s 50949113 1000 0.063365 0.063452 0 0 2786365
p 50949113 1000 0.075485 0.023238 4 0 2786796
s 50949113 1010 0.059225 0.059308 0 0 2750241
p 50949113 1010 0.074039 0.022838 4 0 2749938
s 50949113 1020 0.052705 0.052796 0 0 2510915
p 50949113 1020 0.065651 0.020561 4 0 2510804
s 50949113 1030 0.051132 0.051199 0 0 2383230
p 50949113 1030 0.064226 0.019530 4 0 2383119
s 50949113 1040 0.046058 0.046131 0 0 2190667
p 50949113 1040 0.058536 0.017821 4 0 2191337
s 50949113 1050 0.046617 0.046696 0 0 2149148
p 50949113 1050 0.057606 0.017865 4 0 2149237
s 50949113 1060 0.045044 0.045108 0 0 2190423
p 50949113 1060 0.056717 0.017522 4 0 2190364
s 50949113 1070 0.055408 0.055476 0 0 2551979
p 50949113 1070 0.068950 0.021244 4 0 2551901
s 50949113 1080 0.056289 0.056401 0 0 2610043
p 50949113 1080 0.070996 0.021684 4 0 2610940
s 50949113 1090 0.053534 0.053617 0 0 2509521
p 50949113 1090 0.068754 0.020627 4 0 2509963
s 50949113 1100 0.050482 0.050565 0 0 2414274
p 50949113 1100 0.063040 0.019141 4 0 2414011
s 50949113 1110 0.050203 0.050288 0 0 2302081
p 50949113 1110 0.062446 0.019164 4 0 2302460
s 50949113 1120 0.039328 0.039391 0 0 1846799
p 50949113 1120 0.050612 0.015376 4 0 1846793
s 50949113 1130 0.047528 0.047659 0 0 2242458
p 50949113 1130 0.059323 0.018598 4 0 2242622
s 50949113 1140 0.054478 0.054549 0 0 2632595
p 50949113 1140 0.068454 0.021247 4 0 2632593
s 50949113 1150 0.054758 0.054847 0 0 2568906
p 50949113 1150 0.068559 0.021172 4 0 2569090
s 50949113 1160 0.054883 0.054950 0 0 2564161
p 50949113 1160 0.068477 0.021201 4 0 2564702
s 50949113 1170 0.049380 0.049460 0 0 2258176
p 50949113 1170 0.060816 0.022840 4 0 2258056
s 50949113 1180 0.048830 0.048921 0 0 2246087
p 50949113 1180 0.060569 0.018642 4 0 2245810
s 50949113 1190 0.045551 0.045687 0 0 2155962
p 50949113 1190 0.056370 0.017541 4 0 2155155
s 50949113 1200 0.044881 0.044987 0 0 2038708
p 50949113 1200 0.055722 0.017194 4 0 2039219
s 50949113 1210 0.041315 0.041378 0 0 1888753
p 50949113 1210 0.051404 0.015624 4 0 1889231
s 50949113 1220 0.051826 0.051932 0 0 2436792
p 50949113 1220 0.064888 0.020204 4 0 2436719
s 50949113 1230 0.047182 0.047251 0 0 2172753
p 50949113 1230 0.058403 0.018095 4 0 2172969
s 50949113 1240 0.046585 0.046645 0 0 2238240
p 50949113 1240 0.058211 0.017806 4 0 2238422
s 50949113 1250 0.042759 0.042819 0 0 1941847
p 50949113 1250 0.053029 0.016548 4 0 1942323
s 50949113 1260 0.048230 0.048288 0 0 2214807
p 50949113 1260 0.059786 0.018378 4 0 2215048
s 50949113 1270 0.038164 0.038263 0 0 1846037
p 50949113 1270 0.048501 0.014935 4 0 1846006
s 50949113 1280 0.043646 0.043708 0 0 1998008
p 50949113 1280 0.055577 0.017612 4 0 1997772
s 50949113 1290 0.036259 0.036311 0 0 1628633
p 50949113 1290 0.044645 0.013943 4 0 1628289
s 50949113 1300 0.055147 0.055249 0 0 2550908
p 50949113 1300 0.070035 0.021221 4 0 2550812
s 50949113 1310 0.045036 0.045114 0 0 2099609
p 50949113 1310 0.057847 0.017441 4 0 2099591
s 50949113 1320 0.044973 0.045043 0 0 2065544
p 50949113 1320 0.054440 0.016722 4 0 2065167
s 50949113 1330 0.047868 0.047982 0 0 2181584
p 50949113 1330 0.059205 0.017799 4 0 2181521
s 50949113 1340 0.040955 0.041043 0 0 1975888
p 50949113 1340 0.052818 0.016491 4 0 1975647
s 50949113 1350 0.043147 0.043240 0 0 1967521
p 50949113 1350 0.053063 0.016608 4 0 1967039
s 50949113 1360 0.034400 0.034451 0 0 1628283
p 50949113 1360 0.042957 0.013122 4 0 1628176
s 50949113 1370 0.031884 0.031946 0 0 1422342
p 50949113 1370 0.039078 0.011897 4 0 1422093
s 50949113 1380 0.044345 0.044428 0 0 2113379
p 50949113 1380 0.055402 0.017157 4 0 2113497
s 50949113 1390 0.039863 0.039932 0 0 1928416
p 50949113 1390 0.050013 0.015333 4 0 1928462
s 50949113 1400 0.046682 0.046806 0 0 2158018
p 50949113 1400 0.058104 0.018129 4 0 2158764
s 50949113 1410 0.044441 0.044554 0 0 2024833
p 50949113 1410 0.054733 0.017175 4 0 2024628
s 50949113 1420 0.040624 0.040678 0 0 1845395
p 50949113 1420 0.050435 0.015818 4 0 1845760
s 50949113 1430 0.040123 0.040223 0 0 1822628
p 50949113 1430 0.049309 0.015211 4 0 1823473
s 50949113 1440 0.036655 0.036729 0 0 1719242
p 50949113 1440 0.045489 0.014185 4 0 1719548
s 50949113 1450 0.032253 0.032307 0 0 1440076
p 50949113 1450 0.039697 0.012027 4 0 1439921
s 50949113 1460 0.035163 0.035217 0 0 1562754
p 50949113 1460 0.043618 0.013373 4 0 1562348
s 50949113 1470 0.039057 0.039130 0 0 1766166
p 50949113 1470 0.047799 0.014943 4 0 1766612
s 50949113 1480 0.041049 0.041163 0 0 1941663
p 50949113 1480 0.051216 0.016018 4 0 1941752
s 50949113 1490 0.039013 0.039083 0 0 1795908
p 50949113 1490 0.048397 0.014668 4 0 1796482
s 50949113 1500 0.038055 0.038124 0 0 1717864
p 50949113 1500 0.047169 0.014542 4 0 1718301
s 50949113 1510 0.039499 0.039562 0 0 1790544
p 50949113 1510 0.048469 0.014910 4 0 1790532
s 50949113 1520 0.040463 0.040521 0 0 1738834
p 50949113 1520 0.047326 0.014610 4 0 1739210
s 50949113 1530 0.034551 0.034599 0 0 1564570
p 50949113 1530 0.042250 0.013085 4 0 1564648
s 50949113 1540 0.042809 0.042879 0 0 1929007
p 50949113 1540 0.050059 0.015531 4 0 1929533
s 50949113 1550 0.043649 0.043767 0 0 1994833
p 50949113 1550 0.053702 0.016665 4 0 1993539
s 50949113 1560 0.038164 0.038224 0 0 1779429
p 50949113 1560 0.047476 0.014525 4 0 1779322
s 50949113 1570 0.041851 0.041911 0 0 1903254
p 50949113 1570 0.051482 0.015882 4 0 1902919
s 50949113 1580 0.037587 0.037713 0 0 1717945
p 50949113 1580 0.046604 0.014550 4 0 1718065
s 50949113 1590 0.036332 0.036387 0 0 1643171
p 50949113 1590 0.044841 0.013834 4 0 1643529
s 50949113 1600 0.037029 0.037081 0 0 1677573
p 50949113 1600 0.045536 0.013690 4 0 1678178
s 50949113 1610 0.034319 0.034376 0 0 1546731
p 50949113 1610 0.041980 0.013275 4 0 1545635
s 50949113 1620 0.043365 0.043425 0 0 1999767
p 50949113 1620 0.053382 0.016124 4 0 1999765
s 50949113 1630 0.040847 0.040974 0 0 1874361
p 50949113 1630 0.050306 0.015553 4 0 1874270
s 50949113 1640 0.039322 0.039379 0 0 1834675
p 50949113 1640 0.048484 0.015009 4 0 1834251
s 50949113 1650 0.038511 0.038559 0 0 1768361
p 50949113 1650 0.047409 0.014618 4 0 1769289
s 50949113 1660 0.036967 0.037032 0 0 1705974
p 50949113 1660 0.045283 0.013989 4 0 1705304
s 50949113 1670 0.031984 0.032037 0 0 1413509
p 50949113 1670 0.039311 0.012409 4 0 1413479
s 50949113 1680 0.032604 0.032651 0 0 1477857
p 50949113 1680 0.040249 0.012256 4 0 1478400
s 50949113 1690 0.034801 0.034852 0 0 1559863
p 50949113 1690 0.042663 0.013185 4 0 1559955
s 50949113 1700 0.003609 0.003620 0 0 72648
p 50949113 1700 0.004668 0.001390 4 0 72607
s 50949113 1710 0.041845 0.041902 0 0 1893934
p 50949113 1710 0.051110 0.015817 4 0 1894292
s 50949113 1720 0.038607 0.038703 0 0 1794136
p 50949113 1720 0.047233 0.014623 4 0 1793177
s 50949113 1730 0.036758 0.036857 0 0 1675541
p 50949113 1730 0.044838 0.013926 4 0 1675149
s 50949113 1740 0.033310 0.033416 0 0 1486425
p 50949113 1740 0.040875 0.012615 4 0 1486461
s 50949113 1750 0.034743 0.034816 0 0 1530133
p 50949113 1750 0.042326 0.013067 4 0 1530470
s 50949113 1760 0.033539 0.033629 0 0 1544883
p 50949113 1760 0.041124 0.012650 4 0 1544195
s 50949113 1770 0.031452 0.031506 0 0 1382329
p 50949113 1770 0.038426 0.011848 4 0 1383196
s 50949113 1780 0.030494 0.030582 0 0 1346630
p 50949113 1780 0.037155 0.011360 4 0 1346269
s 50949113 1790 0.037853 0.037947 0 0 1696372
p 50949113 1790 0.047470 0.014427 4 0 1696339
s 50949113 1800 0.033846 0.033945 0 0 1561809
p 50949113 1800 0.041552 0.012747 4 0 1562176
s 50949113 1810 0.037689 0.037868 0 0 1663688
p 50949113 1810 0.044296 0.013637 4 0 1663229
s 50949113 1820 0.035038 0.035087 0 0 1580117
p 50949113 1820 0.042926 0.013292 4 0 1578871
s 50949113 1830 0.034986 0.035041 0 0 1523295
p 50949113 1830 0.041767 0.013023 4 0 1523455
s 50949113 1840 0.032089 0.032140 0 0 1458433
p 50949113 1840 0.039104 0.011962 4 0 1458118
s 50949113 1850 0.034066 0.034184 0 0 1485944
p 50949113 1850 0.040961 0.012719 4 0 1486086
s 50949113 1860 0.032570 0.032629 0 0 1432900
p 50949113 1860 0.039281 0.012257 4 0 1432898
s 50949113 1870 0.034291 0.034361 0 0 1550129
p 50949113 1870 0.041222 0.015873 4 0 1549981
s 50949113 1880 0.031743 0.031805 0 0 1440091
p 50949113 1880 0.038691 0.011918 4 0 1439441
s 50949113 1890 0.029663 0.029710 0 0 1348515
p 50949113 1890 0.036414 0.011269 4 0 1348930
s 50949113 1900 0.033947 0.034007 0 0 1519628
p 50949113 1900 0.041494 0.013060 4 0 1520547
s 50949113 1910 0.033106 0.033205 0 0 1461027
p 50949113 1910 0.040523 0.012625 4 0 1459882
s 50949113 1920 0.028388 0.028445 0 0 1282487
p 50949113 1920 0.034629 0.010832 4 0 1282530
s 50949113 1930 0.030941 0.031005 0 0 1356931
p 50949113 1930 0.038607 0.012054 4 0 1357662
s 50949113 1940 0.033494 0.033559 0 0 1507123
p 50949113 1940 0.041684 0.013181 4 0 1505887
s 50949113 1950 0.035345 0.035390 0 0 1576407
p 50949113 1950 0.043630 0.013759 4 0 1576646
s 50949113 1960 0.035246 0.035295 0 0 1582144
p 50949113 1960 0.044026 0.013618 4 0 1581563
s 50949113 1970 0.033597 0.033649 0 0 1506943
p 50949113 1970 0.041566 0.013082 4 0 1506983
s 50949113 1980 0.033257 0.033309 0 0 1471259
p 50949113 1980 0.041856 0.013076 4 0 1471556
s 50949113 1990 0.031065 0.031114 0 0 1394424
p 50949113 1990 0.038804 0.012018 4 0 1394281
s 50949113 2000 0.030307 0.030438 0 0 1315660
p 50949113 2000 0.037796 0.012626 4 0 1316896
s 50949113 2010 0.029096 0.029138 0 0 1290022
p 50949113 2010 0.036226 0.011513 4 0 1290682
s 50949113 2020 0.026362 0.026408 0 0 1126716
p 50949113 2020 0.032891 0.010696 4 0 1127870
s 50949113 2030 0.034351 0.034399 0 0 1549636
p 50949113 2030 0.042196 0.013110 4 0 1549309
s 50949113 2040 0.031180 0.031224 0 0 1400793
p 50949113 2040 0.039753 0.012744 4 0 1401518
s 50949113 2050 0.034273 0.034323 0 0 1527327
p 50949113 2050 0.042742 0.013718 4 0 1526953
s 50949113 2060 0.030213 0.030272 0 0 1316516
p 50949113 2060 0.037461 0.011773 4 0 1316770
s 50949113 2070 0.030609 0.030666 0 0 1360225
p 50949113 2070 0.037767 0.011809 4 0 1360348
s 50949113 2080 0.028946 0.028988 0 0 1307194
p 50949113 2080 0.035777 0.011118 4 0 1306203
s 50949113 2090 0.028959 0.029010 0 0 1268000
p 50949113 2090 0.035327 0.010844 4 0 1266961
s 50949113 2100 0.029785 0.029835 0 0 1324262
p 50949113 2100 0.036852 0.011246 4 0 1324858
s 50949113 2110 0.029903 0.029953 0 0 1359575
p 50949113 2110 0.037467 0.011522 4 0 1360726
s 50949113 2120 0.030652 0.030701 0 0 1365588
p 50949113 2120 0.038500 0.011550 4 0 1365617
s 50949113 2130 0.032221 0.032267 0 0 1456233
p 50949113 2130 0.040579 0.012363 4 0 1455843
s 50949113 2140 0.030315 0.030357 0 0 1374078
p 50949113 2140 0.038622 0.011508 4 0 1374165
s 50949113 2150 0.029078 0.029124 0 0 1278934
p 50949113 2150 0.036633 0.010824 4 0 1279065
s 50949113 2160 0.028144 0.028190 0 0 1246006
p 50949113 2160 0.034690 0.010450 4 0 1245666
s 50949113 2170 0.027487 0.027563 0 0 1218231
p 50949113 2170 0.033946 0.010353 4 0 1218425
s 50949113 2180 0.028107 0.028173 0 0 1174649
p 50949113 2180 0.032781 0.010054 4 0 1174038
s 50949113 2190 0.033046 0.033093 0 0 1502582
p 50949113 2190 0.041119 0.012370 4 0 1502356
s 50949113 2200 0.030310 0.030360 0 0 1344110
p 50949113 2200 0.037545 0.011621 4 0 1344266
s 50949113 2210 0.030083 0.030189 0 0 1348138
p 50949113 2210 0.036414 0.011376 4 0 1349214
s 50949113 2220 0.030927 0.031039 0 0 1375836
p 50949113 2220 0.037505 0.011647 4 0 1374677
s 50949113 2230 0.029686 0.029728 0 0 1327128
p 50949113 2230 0.036679 0.011349 4 0 1328085
s 50949113 2240 0.027804 0.027848 0 0 1224267
p 50949113 2240 0.033745 0.010602 4 0 1224469
s 50949113 2250 0.026086 0.026136 0 0 1155293
p 50949113 2250 0.032847 0.010340 4 0 1155273
s 50949113 2260 0.025431 0.025471 0 0 1122803
p 50949113 2260 0.031211 0.009718 4 0 1124307
s 50949113 2270 0.032644 0.032689 0 0 1451281
p 50949113 2270 0.039580 0.012300 4 0 1450491
s 50949113 2280 0.027645 0.027690 0 0 1236627
p 50949113 2280 0.033380 0.010409 4 0 1236885
s 50949113 2290 0.030601 0.030650 0 0 1342887
p 50949113 2290 0.036986 0.011503 4 0 1343265
s 50949113 2300 0.028250 0.028295 0 0 1252390
p 50949113 2300 0.034398 0.010451 4 0 1252681
s 50949113 2310 0.025340 0.025386 0 0 1158417
p 50949113 2310 0.031804 0.009744 4 0 1158030
s 50949113 2320 0.025254 0.025289 0 0 1138752
p 50949113 2320 0.030956 0.009773 4 0 1139245
s 50949113 2330 0.026042 0.026082 0 0 1168644
p 50949113 2330 0.031669 0.009923 4 0 1168233
s 50949113 2340 0.023874 0.023924 0 0 1051873
p 50949113 2340 0.028991 0.009051 4 0 1052284
s 50949113 2350 0.028972 0.029039 0 0 1313614
p 50949113 2350 0.034749 0.010671 4 0 1314396
s 50949113 2360 0.027508 0.027572 0 0 1177898
p 50949113 2360 0.032896 0.010188 4 0 1178044
s 50949113 2370 0.027971 0.028017 0 0 1219330
p 50949113 2370 0.034447 0.010748 4 0 1218904
s 50949113 2380 0.028252 0.028301 0 0 1259911
p 50949113 2380 0.035100 0.010418 4 0 1259863
s 50949113 2390 0.022046 0.022092 0 0 991965
p 50949113 2390 0.027138 0.008428 4 0 991341
s 50949113 2400 0.025765 0.025814 0 0 1167060
p 50949113 2400 0.031253 0.009710 4 0 1166320
s 50949113 2410 0.025720 0.025763 0 0 1136631
p 50949113 2410 0.031462 0.009866 4 0 1136525
s 50949113 2420 0.025724 0.025760 0 0 1158413
p 50949113 2420 0.031469 0.009824 4 0 1159749
s 50949113 2430 0.029849 0.029891 0 0 1367545
p 50949113 2430 0.036601 0.011426 4 0 1366786
s 50949113 2440 0.027564 0.027606 0 0 1232074
p 50949113 2440 0.033103 0.010448 4 0 1232291
s 50949113 2450 0.029383 0.029424 0 0 1308083
p 50949113 2450 0.035801 0.011256 4 0 1309252
s 50949113 2460 0.027262 0.027309 0 0 1214859
p 50949113 2460 0.033191 0.010413 4 0 1215172
s 50949113 2470 0.027541 0.027584 0 0 1218593
p 50949113 2470 0.034244 0.010516 4 0 1219125
s 50949113 2480 0.022982 0.023029 0 0 1038404
p 50949113 2480 0.028094 0.008832 4 0 1039479
s 50949113 2490 0.025376 0.025422 0 0 1119709
p 50949113 2490 0.030767 0.009596 4 0 1118488
s 50949113 2500 0.025583 0.025630 0 0 1146212
p 50949113 2500 0.030960 0.009855 4 0 1145709
s 50949113 2510 0.002852 0.002863 0 0 62086
p 50949113 2510 0.003977 0.001238 4 0 62974
s 50949113 2520 0.027269 0.027314 0 0 1190898
p 50949113 2520 0.032733 0.010066 4 0 1190371
s 50949113 2530 0.028911 0.028955 0 0 1298594
p 50949113 2530 0.035126 0.010889 4 0 1297514
s 50949113 2540 0.026428 0.026478 0 0 1165512
p 50949113 2540 0.031941 0.009903 4 0 1165043
s 50949113 2550 0.023004 0.023051 0 0 1005128
p 50949113 2550 0.027711 0.008630 4 0 1004982
s 50949113 2560 0.022958 0.023010 0 0 982877
p 50949113 2560 0.028662 0.009006 4 0 982876
s 50949113 2570 0.022344 0.022387 0 0 996757
p 50949113 2570 0.027648 0.008602 4 0 998762
s 50949113 2580 0.021222 0.021269 0 0 952011
p 50949113 2580 0.025660 0.008157 4 0 951319
s 50949113 2590 0.021528 0.021569 0 0 918890
p 50949113 2590 0.026052 0.008103 4 0 920169
s 50949113 2600 0.027723 0.027764 0 0 1269609
p 50949113 2600 0.033865 0.010385 4 0 1268840
s 50949113 2610 0.027386 0.027438 0 0 1204400
p 50949113 2610 0.032941 0.010255 4 0 1205727
s 50949113 2620 0.023324 0.023377 0 0 1049951
p 50949113 2620 0.027807 0.012795 4 0 1050936
s 50949113 2630 0.024979 0.025025 0 0 1072395
p 50949113 2630 0.030304 0.009453 4 0 1073962
s 50949113 2640 0.023903 0.023939 0 0 1061985
p 50949113 2640 0.029334 0.008951 4 0 1063075
s 50949113 2650 0.023389 0.023426 0 0 1052088
p 50949113 2650 0.028469 0.008735 4 0 1052423
s 50949113 2660 0.022641 0.022682 0 0 982191
p 50949113 2660 0.027486 0.008572 4 0 983037
s 50949113 2670 0.023642 0.023685 0 0 1049497
p 50949113 2670 0.028957 0.009056 4 0 1048667
s 50949113 2680 0.027753 0.027802 0 0 1216145
p 50949113 2680 0.033764 0.010563 4 0 1216323
s 50949113 2690 0.024044 0.024104 0 0 1061984
p 50949113 2690 0.029626 0.009338 4 0 1062547
s 50949113 2700 0.025373 0.025408 0 0 1130066
p 50949113 2700 0.031195 0.009848 4 0 1130830
s 50949113 2710 0.025456 0.025497 0 0 1116268
p 50949113 2710 0.031044 0.009770 4 0 1118172
s 50949113 2720 0.024000 0.024034 0 0 1067928
p 50949113 2720 0.029524 0.009135 4 0 1068137
s 50949113 2730 0.023243 0.023281 0 0 1016977
p 50949113 2730 0.028381 0.008842 4 0 1017325
s 50949113 2740 0.022038 0.022082 0 0 983927
p 50949113 2740 0.026788 0.008111 4 0 984017
s 50949113 2750 0.020048 0.020103 0 0 882539
p 50949113 2750 0.024785 0.007732 4 0 881984
s 50949113 2760 0.026785 0.026861 0 0 1175764
p 50949113 2760 0.032636 0.010260 4 0 1177582
s 50949113 2770 0.023363 0.023412 0 0 1039807
p 50949113 2770 0.028638 0.009002 4 0 1040101
s 50949113 2780 0.024780 0.024816 0 0 1095443
p 50949113 2780 0.030036 0.009540 4 0 1096689
s 50949113 2790 0.023599 0.023633 0 0 1038081
p 50949113 2790 0.028573 0.009003 4 0 1039370
s 50949113 2800 0.024612 0.024653 0 0 1049461
p 50949113 2800 0.029311 0.008982 4 0 1049644
s 50949113 2810 0.024100 0.024138 0 0 997290
p 50949113 2810 0.027696 0.008617 4 0 998585
s 50949113 2820 0.020981 0.021010 0 0 913504
p 50949113 2820 0.025451 0.007963 4 0 913263
s 50949113 2830 0.021730 0.021766 0 0 941848
p 50949113 2830 0.026414 0.008368 4 0 940563
s 50949113 2840 0.022836 0.022926 0 0 1011983
p 50949113 2840 0.027347 0.008530 4 0 1012397
s 50949113 2850 0.022458 0.022496 0 0 993518
p 50949113 2850 0.026945 0.008417 4 0 993957
s 50949113 2860 0.025005 0.025052 0 0 1107665
p 50949113 2860 0.030012 0.009335 4 0 1107081
s 50949113 2870 0.022581 0.022618 0 0 1008638
p 50949113 2870 0.027703 0.008468 4 0 1010008
s 50949113 2880 0.022528 0.022578 0 0 953093
p 50949113 2880 0.026956 0.008483 4 0 953083
s 50949113 2890 0.022539 0.022573 0 0 968321
p 50949113 2890 0.026924 0.008363 4 0 966797
s 50949113 2900 0.020100 0.020133 0 0 895605
p 50949113 2900 0.024319 0.007552 4 0 895730
s 50949113 2910 0.022120 0.022152 0 0 962311
p 50949113 2910 0.026628 0.008466 4 0 961832
s 50949113 2920 0.025563 0.025602 0 0 1112567
p 50949113 2920 0.030851 0.009624 4 0 1113999
s 50949113 2930 0.025394 0.025433 0 0 1119965
p 50949113 2930 0.030822 0.009502 4 0 1118085
s 50949113 2940 0.024180 0.024232 0 0 1065291
p 50949113 2940 0.029599 0.009255 4 0 1064895
s 50949113 2950 0.022642 0.022694 0 0 973931
p 50949113 2950 0.027073 0.008444 4 0 972886
s 50949113 2960 0.021615 0.021651 0 0 950353
p 50949113 2960 0.026464 0.008210 4 0 950620
s 50949113 2970 0.023419 0.023471 0 0 981314
p 50949113 2970 0.027201 0.008601 4 0 980536
s 50949113 2980 0.019663 0.019745 0 0 869578
p 50949113 2980 0.023913 0.007310 4 0 869351
s 50949113 2990 0.019723 0.019767 0 0 873521
p 50949113 2990 0.024033 0.007324 4 0 873656
s 50949113 3000 0.021173 0.021213 0 0 953192
p 50949113 3000 0.025878 0.008272 4 0 953202
s 50949113 3010 0.025227 0.025272 0 0 1118920
p 50949113 3010 0.031021 0.009729 4 0 1117335
s 50949113 3020 0.021492 0.021527 0 0 955228
p 50949113 3020 0.026072 0.008035 4 0 954517
s 50949113 3030 0.022863 0.022897 0 0 996095
p 50949113 3030 0.027676 0.008777 4 0 998042
s 50949113 3040 0.022757 0.022790 0 0 1000245
p 50949113 3040 0.027758 0.008587 4 0 999653
s 50949113 3050 0.020256 0.020293 0 0 902859
p 50949113 3050 0.024559 0.007793 4 0 904106
s 50949113 3060 0.019921 0.019954 0 0 850602
p 50949113 3060 0.023869 0.007455 4 0 850004
s 50949113 3070 0.020649 0.020678 0 0 904085
p 50949113 3070 0.025160 0.007995 4 0 904207
s 50949113 3080 0.021826 0.021861 0 0 1003675
p 50949113 3080 0.026611 0.008155 4 0 1003186
s 50949113 3090 0.020097 0.020139 0 0 890828
p 50949113 3090 0.024341 0.007456 4 0 890228
s 50949113 3100 0.022251 0.022323 0 0 994138
p 50949113 3100 0.027050 0.008330 4 0 995505
s 50949113 3110 0.021592 0.021623 0 0 967389
p 50949113 3110 0.026484 0.008369 4 0 967564
s 50949113 3120 0.021611 0.021644 0 0 953959
p 50949113 3120 0.026303 0.008150 4 0 953038
s 50949113 3130 0.021491 0.021522 0 0 934729
p 50949113 3130 0.025745 0.008020 4 0 934080
s 50949113 3140 0.019761 0.019806 0 0 852005
p 50949113 3140 0.024137 0.007812 4 0 850529
s 50949113 3150 0.019972 0.020079 0 0 856986
p 50949113 3150 0.023749 0.007316 4 0 856552
s 50949113 3160 0.022171 0.022218 0 0 981048
p 50949113 3160 0.026865 0.008466 4 0 981327
s 50949113 3170 0.021676 0.021763 0 0 938324
p 50949113 3170 0.026603 0.008590 4 0 939092
s 50949113 3180 0.023670 0.023712 0 0 1063741
p 50949113 3180 0.028933 0.008991 4 0 1063640
s 50949113 3190 0.022429 0.022461 0 0 999747
p 50949113 3190 0.027270 0.008564 4 0 1000910
s 50949113 3200 0.019929 0.019968 0 0 860025
p 50949113 3200 0.023972 0.007567 4 0 859479
s 50949113 3210 0.018923 0.019007 0 0 847723
p 50949113 3210 0.023117 0.007300 4 0 847351
s 50949113 3220 0.019227 0.019260 0 0 873029
p 50949113 3220 0.023509 0.007558 4 0 873508
s 50949113 3230 0.017684 0.017717 0 0 783420
p 50949113 3230 0.022300 0.007046 4 0 783175
s 50949113 3240 0.022109 0.022148 0 0 977922
p 50949113 3240 0.026823 0.008476 4 0 978081
s 50949113 3250 0.021484 0.021521 0 0 926754
p 50949113 3250 0.026030 0.008080 4 0 926985
s 50949113 3260 0.021639 0.021675 0 0 972646
p 50949113 3260 0.026449 0.008431 4 0 973426
s 50949113 3270 0.019494 0.019542 0 0 848810
p 50949113 3270 0.023808 0.009183 4 0 849211
s 50949113 3280 0.022773 0.022826 0 0 917409
p 50949113 3280 0.025282 0.007980 4 0 918562
s 50949113 3290 0.019852 0.019898 0 0 852174
p 50949113 3290 0.024654 0.007885 4 0 852127
s 50949113 3300 0.018344 0.018511 0 0 770324
p 50949113 3300 0.021921 0.006853 4 0 768899
s 50949113 3310 0.019880 0.019917 0 0 879573
p 50949113 3310 0.024082 0.007568 4 0 879597
s 50949113 3320 0.002566 0.002581 0 0 57655
p 50949113 3320 0.003462 0.001160 4 0 57141
s 50949113 3330 0.017824 0.017863 0 0 790141
p 50949113 3330 0.021618 0.006928 4 0 789895
s 50949113 3340 0.021303 0.021333 0 0 925600
p 50949113 3340 0.025675 0.008101 4 0 925578
s 50949113 3350 0.019580 0.019611 0 0 871531
p 50949113 3350 0.023685 0.007293 4 0 871300
s 50949113 3360 0.020496 0.020549 0 0 880995
p 50949113 3360 0.023761 0.007474 4 0 880752
s 50949113 3370 0.019228 0.019260 0 0 849699
p 50949113 3370 0.023441 0.007291 4 0 846695
s 50949113 3380 0.018178 0.018206 0 0 804871
p 50949113 3380 0.022490 0.006951 4 0 807874
s 50949113 3390 0.017827 0.017922 0 0 788752
p 50949113 3390 0.021497 0.006596 4 0 788734
s 50949113 3400 0.015822 0.015849 0 0 669497
p 50949113 3400 0.019148 0.006078 4 0 669931
s 50949113 3410 0.019444 0.019474 0 0 860558
p 50949113 3410 0.023436 0.007330 4 0 860213
s 50949113 3420 0.019904 0.019939 0 0 906219
p 50949113 3420 0.024323 0.007507 4 0 906115
s 50949113 3430 0.019465 0.019498 0 0 870958
p 50949113 3430 0.023552 0.007354 4 0 870346
s 50949113 3440 0.020315 0.020349 0 0 875704
p 50949113 3440 0.024487 0.007574 4 0 875455
s 50949113 3450 0.016866 0.016893 0 0 749114
p 50949113 3450 0.020482 0.006512 4 0 749441
s 50949113 3460 0.018430 0.018462 0 0 831952
p 50949113 3460 0.022499 0.007146 4 0 832430
s 50949113 3470 0.016605 0.016636 0 0 739418
p 50949113 3470 0.020607 0.006434 4 0 741395
s 50949113 3480 0.017336 0.017364 0 0 736563
p 50949113 3480 0.020554 0.006536 4 0 738202
s 50949113 3490 0.020040 0.020072 0 0 899708
p 50949113 3490 0.023943 0.007885 4 0 899941
s 50949113 3500 0.020737 0.020770 0 0 914790
p 50949113 3500 0.025251 0.007776 4 0 915064
s 50949113 3510 0.019241 0.019279 0 0 816066
p 50949113 3510 0.022998 0.007068 4 0 815236
s 50949113 3520 0.019565 0.019597 0 0 869978
p 50949113 3520 0.023773 0.007501 4 0 869856
s 50949113 3530 0.017420 0.017450 0 0 741505
p 50949113 3530 0.021017 0.006676 4 0 741334
s 50949113 3540 0.018686 0.018718 0 0 805017
p 50949113 3540 0.022689 0.006927 4 0 806239
s 50949113 3550 0.018901 0.018976 0 0 786238
p 50949113 3550 0.022764 0.007070 4 0 786000
s 50949113 3560 0.014898 0.014930 0 0 636015
p 50949113 3560 0.018330 0.005720 4 0 636896
s 50949113 3570 0.017500 0.017530 0 0 753361
p 50949113 3570 0.020925 0.006427 4 0 753099
s 50949113 3580 0.019700 0.019749 0 0 855952
p 50949113 3580 0.023816 0.007446 4 0 854712
s 50949113 3590 0.019818 0.019851 0 0 871260
p 50949113 3590 0.024106 0.007576 4 0 872656
s 50949113 3600 0.019480 0.019551 0 0 840653
p 50949113 3600 0.023377 0.007479 4 0 842069
s 50949113 3610 0.018519 0.018555 0 0 822862
p 50949113 3610 0.022785 0.007228 4 0 823051
s 50949113 3620 0.018121 0.018162 0 0 790119
p 50949113 3620 0.021828 0.006788 4 0 789237
s 50949113 3630 0.018348 0.018390 0 0 796204
p 50949113 3630 0.022060 0.006824 4 0 796938
s 50949113 3640 0.016076 0.016104 0 0 691824
p 50949113 3640 0.019484 0.006095 4 0 692355
s 50949113 3650 0.020613 0.020653 0 0 913059
p 50949113 3650 0.025171 0.007903 4 0 913117
s 50949113 3660 0.020005 0.020037 0 0 859485
p 50949113 3660 0.024084 0.007477 4 0 860248
s 50949113 3670 0.019758 0.019787 0 0 849254
p 50949113 3670 0.024062 0.007385 4 0 850917
s 50949113 3680 0.018454 0.018487 0 0 809196
p 50949113 3680 0.022562 0.007264 4 0 810055
s 50949113 3690 0.018118 0.018151 0 0 788181
p 50949113 3690 0.021941 0.006868 4 0 789814
s 50949113 3700 0.016896 0.016926 0 0 747112
p 50949113 3700 0.020827 0.006609 4 0 748820
s 50949113 3710 0.016337 0.016365 0 0 707614
p 50949113 3710 0.020393 0.006176 4 0 708866
s 50949113 3720 0.018009 0.018037 0 0 812090
p 50949113 3720 0.021925 0.006778 4 0 812021
s 50949113 3730 0.019944 0.020021 0 0 890380
p 50949113 3730 0.024191 0.007619 4 0 889629
s 50949113 3740 0.017409 0.017436 0 0 743420
p 50949113 3740 0.021016 0.006597 4 0 744304
s 50949113 3750 0.019399 0.019457 0 0 848248
p 50949113 3750 0.023329 0.007332 4 0 848221
s 50949113 3760 0.018354 0.018404 0 0 794142
p 50949113 3760 0.022118 0.007118 4 0 795012
s 50949113 3770 0.017942 0.017993 0 0 781162
p 50949113 3770 0.021943 0.006976 4 0 783078
s 50949113 3780 0.016649 0.016684 0 0 726844
p 50949113 3780 0.019828 0.006259 4 0 726288
s 50949113 3790 0.016581 0.016611 0 0 721770
p 50949113 3790 0.020576 0.006496 4 0 724217
s 50949113 3800 0.016553 0.016582 0 0 726314
p 50949113 3800 0.020140 0.006217 4 0 724982
s 50949113 3810 0.019510 0.019538 0 0 835946
p 50949113 3810 0.023118 0.009862 4 0 835174
s 50949113 3820 0.020043 0.020125 0 0 865953
p 50949113 3820 0.024221 0.007559 4 0 863529
s 50949113 3830 0.018460 0.018495 0 0 808931
p 50949113 3830 0.022351 0.007012 4 0 807097
s 50949113 3840 0.017036 0.017131 0 0 736640
p 50949113 3840 0.020764 0.006363 4 0 735792
s 50949113 3850 0.017111 0.017139 0 0 763933
p 50949113 3850 0.021470 0.006823 4 0 761822
s 50949113 3860 0.017209 0.017255 0 0 743634
p 50949113 3860 0.020830 0.006471 4 0 742986
s 50949113 3870 0.016430 0.016459 0 0 695491
p 50949113 3870 0.019732 0.006147 4 0 695886
s 50949113 3880 0.015802 0.015830 0 0 689493
p 50949113 3880 0.019848 0.006336 4 0 690734
s 50949113 3890 0.017395 0.017433 0 0 727026
p 50949113 3890 0.020573 0.006555 4 0 726687
s 50949113 3900 0.019666 0.019726 0 0 859829
p 50949113 3900 0.024519 0.009108 4 0 861934
s 50949113 3910 0.019136 0.019168 0 0 826183
p 50949113 3910 0.023131 0.007308 4 0 824615
s 50949113 3920 0.017028 0.017057 0 0 760717
p 50949113 3920 0.020562 0.006696 4 0 760652
s 50949113 3930 0.017679 0.017708 0 0 775558
p 50949113 3930 0.021690 0.006966 4 0 775046
s 50949113 3940 0.016363 0.016389 0 0 725013
p 50949113 3940 0.019870 0.006425 4 0 722988
s 50949113 3950 0.016025 0.016055 0 0 700263
p 50949113 3950 0.019338 0.006069 4 0 699323
s 50949113 3960 0.016425 0.016452 0 0 693845
p 50949113 3960 0.019493 0.006233 4 0 693973
s 50949113 3970 0.018038 0.018082 0 0 768652
p 50949113 3970 0.021489 0.006761 4 0 769831
s 50949113 3980 0.018094 0.018121 0 0 759670
p 50949113 3980 0.021407 0.006742 4 0 758735
s 50949113 3990 0.017519 0.017546 0 0 782923
p 50949113 3990 0.021490 0.006915 4 0 783132
s 50949113 4000 0.016476 0.016505 0 0 729015
p 50949113 4000 0.019877 0.006022 4 0 729617
s 50949113 4010 0.017966 0.018000 0 0 759373
p 50949113 4010 0.021657 0.006815 4 0 759096
s 50949113 4020 0.016841 0.016872 0 0 739673
p 50949113 4020 0.020216 0.006331 4 0 738802
s 50949113 4030 0.015620 0.015660 0 0 681115
p 50949113 4030 0.018992 0.005885 4 0 678857
s 50949113 4040 0.015342 0.015371 0 0 668933
p 50949113 4040 0.018988 0.005860 4 0 669411
s 50949113 4050 0.019883 0.019922 0 0 891332
p 50949113 4050 0.024457 0.007766 4 0 890407
s 50949113 4060 0.017873 0.017905 0 0 772085
p 50949113 4060 0.021123 0.006598 4 0 771514
s 50949113 4070 0.016810 0.016855 0 0 719638
p 50949113 4070 0.020543 0.006390 4 0 718717
s 50949113 4080 0.017890 0.017916 0 0 766567
p 50949113 4080 0.021600 0.006893 4 0 767210
s 50949113 4090 0.017050 0.017115 0 0 746722
p 50949113 4090 0.021168 0.006584 4 0 745401
s 50949113 4100 0.016433 0.016460 0 0 710337
p 50949113 4100 0.019835 0.006186 4 0 711350
s 50949113 4110 0.015759 0.015790 0 0 679893
p 50949113 4110 0.019059 0.006009 4 0 678984
s 50949113 4120 0.016171 0.016200 0 0 702105
p 50949113 4120 0.019633 0.006078 4 0 701495
s 50949113 4130 0.002267 0.002275 0 0 50533
p 50949113 4130 0.002974 0.001026 4 0 51256
s 50949113 4140 0.017664 0.017689 0 0 792607
p 50949113 4140 0.021824 0.006720 4 0 792001
s 50949113 4150 0.017178 0.017222 0 0 731136
p 50949113 4150 0.020439 0.008811 4 0 730237
s 50949113 4160 0.017616 0.017662 0 0 762034
p 50949113 4160 0.021860 0.006691 4 0 763224
s 50949113 4170 0.017183 0.017230 0 0 742840
p 50949113 4170 0.020827 0.006540 4 0 739973
s 50949113 4180 0.015603 0.015629 0 0 692266
p 50949113 4180 0.018909 0.005822 4 0 693170
s 50949113 4190 0.014188 0.014213 0 0 596212
p 50949113 4190 0.017216 0.005457 4 0 596732
s 50949113 4200 0.014666 0.014695 0 0 643366
p 50949113 4200 0.017966 0.005683 4 0 641317
s 50949113 4210 0.013878 0.013905 0 0 616874
p 50949113 4210 0.017268 0.005321 4 0 616811
s 50949113 4220 0.017849 0.017877 0 0 778350
p 50949113 4220 0.021229 0.007519 4 0 779465
s 50949113 4230 0.018390 0.018708 0 0 796334
p 50949113 4230 0.021623 0.009423 4 0 797879
s 50949113 4240 0.016525 0.016560 0 0 735105
p 50949113 4240 0.020180 0.006241 4 0 736084
s 50949113 4250 0.016151 0.016187 0 0 681595
p 50949113 4250 0.019381 0.006062 4 0 682429
s 50949113 4260 0.015162 0.015188 0 0 674201
p 50949113 4260 0.018466 0.005737 4 0 673013
s 50949113 4270 0.014488 0.014512 0 0 649547
p 50949113 4270 0.017303 0.008355 4 0 649511
s 50949113 4280 0.015009 0.015037 0 0 649334
p 50949113 4280 0.018530 0.005848 4 0 648476
s 50949113 4290 0.015679 0.015721 0 0 664239
p 50949113 4290 0.018571 0.006060 4 0 664858
s 50949113 4300 0.016347 0.016507 0 0 692825
p 50949113 4300 0.019257 0.006082 4 0 692885
s 50949113 4310 0.016408 0.016453 0 0 710126
p 50949113 4310 0.019997 0.006215 4 0 709249
s 50949113 4320 0.015837 0.015863 0 0 680409
p 50949113 4320 0.018964 0.005922 4 0 679322
s 50949113 4330 0.016005 0.016040 0 0 687150
p 50949113 4330 0.019103 0.006094 4 0 686146
s 50949113 4340 0.015631 0.015663 0 0 684731
p 50949113 4340 0.019397 0.006217 4 0 687903
s 50949113 4350 0.015420 0.015448 0 0 667329
p 50949113 4350 0.018780 0.005844 4 0 665961
s 50949113 4360 0.014872 0.014897 0 0 648868
p 50949113 4360 0.018005 0.005817 4 0 649493
s 50949113 4370 0.013752 0.013774 0 0 608721
p 50949113 4370 0.016660 0.005051 4 0 607607
s 50949113 4380 0.016782 0.016808 0 0 741433
p 50949113 4380 0.020348 0.006295 4 0 737979
s 50949113 4390 0.015919 0.015967 0 0 644012
p 50949113 4390 0.018437 0.005803 4 0 644141
s 50949113 4400 0.016573 0.016600 0 0 728799
p 50949113 4400 0.020192 0.006321 4 0 727432
s 50949113 4410 0.015910 0.015948 0 0 690382
p 50949113 4410 0.019460 0.006160 4 0 689917
s 50949113 4420 0.014851 0.014877 0 0 658506
p 50949113 4420 0.018318 0.005728 4 0 658229
s 50949113 4430 0.014187 0.014217 0 0 632137
p 50949113 4430 0.016999 0.005394 4 0 632050
s 50949113 4440 0.014420 0.014446 0 0 618383
p 50949113 4440 0.017575 0.005440 4 0 618357
s 50949113 4450 0.015264 0.015294 0 0 655211
p 50949113 4450 0.018288 0.005682 4 0 654354
s 50949113 4460 0.017246 0.017276 0 0 770176
p 50949113 4460 0.020673 0.007698 4 0 771880
s 50949113 4470 0.016242 0.016270 0 0 689165
p 50949113 4470 0.019743 0.006273 4 0 691252
s 50949113 4480 0.016498 0.016524 0 0 726872
p 50949113 4480 0.020075 0.006285 4 0 725229
s 50949113 4490 0.015789 0.015823 0 0 692547
p 50949113 4490 0.019258 0.006301 4 0 692788
s 50949113 4500 0.014920 0.014953 0 0 655307
p 50949113 4500 0.018431 0.005611 4 0 656404
s 50949113 4510 0.013887 0.013909 0 0 595034
p 50949113 4510 0.016947 0.005386 4 0 597496
s 50949113 4520 0.013732 0.013761 0 0 600988
p 50949113 4520 0.017140 0.005372 4 0 603617
s 50949113 4530 0.014314 0.014482 0 0 616110
p 50949113 4530 0.017315 0.005591 4 0 618222
s 50949113 4540 0.017434 0.017479 0 0 775507
p 50949113 4540 0.021394 0.006700 4 0 776957
s 50949113 4550 0.015475 0.015509 0 0 706512
p 50949113 4550 0.019455 0.006062 4 0 708649
s 50949113 4560 0.015110 0.015153 0 0 670815
p 50949113 4560 0.018311 0.005853 4 0 670180
s 50949113 4570 0.013682 0.013735 0 0 576887
p 50949113 4570 0.016399 0.005308 4 0 576773
s 50949113 4580 0.013893 0.013918 0 0 612306
p 50949113 4580 0.016687 0.005329 4 0 612217
s 50949113 4590 0.014572 0.014595 0 0 631802
p 50949113 4590 0.017843 0.005752 4 0 630119
s 50949113 4600 0.014322 0.014364 0 0 606194
p 50949113 4600 0.017035 0.005374 4 0 605601
s 50949113 4610 0.014749 0.014787 0 0 642456
p 50949113 4610 0.017988 0.005754 4 0 643861
s 50949113 4620 0.015764 0.015800 0 0 677279
p 50949113 4620 0.018621 0.005927 4 0 675800
s 50949113 4630 0.015487 0.015510 0 0 678929
p 50949113 4630 0.018976 0.005878 4 0 677284
s 50949113 4640 0.015821 0.015849 0 0 699370
p 50949113 4640 0.019400 0.006279 4 0 698163
s 50949113 4650 0.015061 0.015089 0 0 659531
p 50949113 4650 0.018390 0.005901 4 0 658347
s 50949113 4660 0.014135 0.014176 0 0 625241
p 50949113 4660 0.017389 0.005370 4 0 625401
s 50949113 4670 0.014008 0.014034 0 0 618359
p 50949113 4670 0.017345 0.005479 4 0 619268
s 50949113 4680 0.013900 0.013929 0 0 601937
p 50949113 4680 0.016992 0.005420 4 0 602493
s 50949113 4690 0.013743 0.013768 0 0 593385
p 50949113 4690 0.016756 0.005316 4 0 593016
s 50949113 4700 0.015706 0.015752 0 0 686480
p 50949113 4700 0.019113 0.006009 4 0 686579
s 50949113 4710 0.015199 0.015226 0 0 651541
p 50949113 4710 0.018118 0.005731 4 0 650700
s 50949113 4720 0.015332 0.015359 0 0 668582
p 50949113 4720 0.018775 0.005946 4 0 670208
s 50949113 4730 0.016381 0.016450 0 0 674982
p 50949113 4730 0.018858 0.005837 4 0 672114
s 50949113 4740 0.014650 0.014678 0 0 644002
p 50949113 4740 0.017890 0.005698 4 0 643407
s 50949113 4750 0.014059 0.014089 0 0 605450
p 50949113 4750 0.017098 0.005335 4 0 605190
s 50949113 4760 0.013749 0.013780 0 0 578830
p 50949113 4760 0.016368 0.005157 4 0 577945
s 50949113 4770 0.011202 0.011221 0 0 487625
p 50949113 4770 0.013736 0.004369 4 0 487059
s 50949113 4780 0.014111 0.014135 0 0 583472
p 50949113 4780 0.016848 0.005445 4 0 584144
s 50949113 4790 0.015089 0.015120 0 0 654744
p 50949113 4790 0.018131 0.005798 4 0 653303
s 50949113 4800 0.014950 0.014979 0 0 650579
p 50949113 4800 0.018238 0.005709 4 0 652589
s 50949113 4810 0.014670 0.014693 0 0 648690
p 50949113 4810 0.017969 0.005740 4 0 647725
s 50949113 4820 0.014538 0.014561 0 0 623923
p 50949113 4820 0.017583 0.005600 4 0 624589
s 50949113 4830 0.013548 0.013591 0 0 586797
p 50949113 4830 0.016486 0.005214 4 0 588097
s 50949113 4840 0.013738 0.013771 0 0 600320
p 50949113 4840 0.016791 0.005270 4 0 601089
s 50949113 4850 0.011952 0.011974 0 0 535331
p 50949113 4850 0.014658 0.004622 4 0 534340
s 50949113 4860 0.013999 0.014023 0 0 592965
p 50949113 4860 0.016863 0.005516 4 0 593102
s 50949113 4870 0.014657 0.014687 0 0 659055
p 50949113 4870 0.017815 0.005698 4 0 657925
s 50949113 4880 0.015326 0.015351 0 0 666605
p 50949113 4880 0.018713 0.005690 4 0 663178
s 50949113 4890 0.014860 0.014884 0 0 652924
p 50949113 4890 0.018076 0.005727 4 0 651462
s 50949113 4900 0.013720 0.013748 0 0 596496
p 50949113 4900 0.016508 0.005364 4 0 594719
s 50949113 4910 0.013936 0.013959 0 0 608048
p 50949113 4910 0.017078 0.005365 4 0 608721
s 50949113 4920 0.012762 0.012814 0 0 550733
p 50949113 4920 0.015335 0.004865 4 0 549649
s 50949113 4930 0.012691 0.012717 0 0 528723
p 50949113 4930 0.015414 0.004850 4 0 528322
s 50949113 4940 0.002192 0.002198 0 0 41587
p 50949113 4940 0.002566 0.000814 4 0 42360
s 50949113 4950 0.014082 0.014107 0 0 642521
p 50949113 4950 0.017391 0.005452 4 0 640054
s 50949113 4960 0.014606 0.014632 0 0 651847
p 50949113 4960 0.018121 0.005746 4 0 654215
s 50949113 4970 0.014053 0.014075 0 0 603334
p 50949113 4970 0.017190 0.005455 4 0 605244
s 50949113 4980 0.014061 0.014085 0 0 592350
p 50949113 4980 0.016956 0.005380 4 0 594149
s 50949113 4990 0.013181 0.013206 0 0 583962
p 50949113 4990 0.016068 0.005160 4 0 582207
s 50949113 5000 0.013387 0.013414 0 0 570869
p 50949113 5000 0.016128 0.005145 4 0 570341
