s 50949113 25 0.275936 0.276393 0 0 14025493
p 50949113 25 0.289288 0.153420 2 0 14025496
s 50949113 50 0.305772 0.306281 0 0 15203772
p 50949113 50 0.320870 0.172492 2 0 15203767
s 50949113 75 0.180740 0.180983 0 0 9000222
p 50949113 75 0.196183 0.104401 2 0 9000219
s 50949113 100 0.165490 0.165730 0 0 8172273
p 50949113 100 0.179806 0.097329 2 0 8172268
s 50949113 125 0.207343 0.207620 0 0 10303767
p 50949113 125 0.227046 0.123773 2 0 10303826
s 50949113 150 0.138852 0.139044 0 0 6970624
p 50949113 150 0.156296 0.084632 2 0 6970657
s 50949113 175 0.187782 0.188090 0 0 9320512
p 50949113 175 0.207227 0.110898 2 0 9320460
s 50949113 200 0.094119 0.094330 0 0 4698937
p 50949113 200 0.108148 0.057477 2 0 4698872
s 50949113 225 0.149868 0.150101 0 0 7335882
p 50949113 225 0.163253 0.089253 2 0 7335882
s 50949113 250 0.158785 0.158974 0 0 7897914
p 50949113 250 0.172881 0.092912 2 0 7897845
s 50949113 275 0.097998 0.098155 0 0 5042463
p 50949113 275 0.111527 0.060243 2 0 5042463
s 50949113 300 0.117351 0.117522 0 0 5959613
p 50949113 300 0.133859 0.072563 2 0 5959649
s 50949113 325 0.136261 0.136517 0 0 6636235
p 50949113 325 0.164250 0.087968 2 0 6636296
s 50949113 350 0.109007 0.109175 0 0 5251693
p 50949113 350 0.121158 0.066071 2 0 5251799
s 50949113 375 0.079435 0.079552 0 0 4056164
p 50949113 375 0.092344 0.049035 2 0 4056085
s 50949113 400 0.088640 0.088753 0 0 4287426
p 50949113 400 0.104318 0.055714 2 0 4287544
s 50949113 425 0.089232 0.089352 0 0 4337547
p 50949113 425 0.102533 0.055038 2 0 4337473
s 50949113 450 0.105090 0.105214 0 0 5132625
p 50949113 450 0.118755 0.064740 2 0 5132542
s 50949113 475 0.089131 0.089272 0 0 4306120
p 50949113 475 0.101704 0.055035 2 0 4306181
s 50949113 500 0.110295 0.110427 0 0 5367182
p 50949113 500 0.125626 0.068974 2 0 5367399
