h 5198187 50 10405353 0 0
s 5198187 50 10405353 0 0
n 5198187 50 10405361 0 0
p 5198187 50 10405697 1 0
p 5198187 50 10406041 2 0
p 5198187 50 10406385 3 0
p 5198187 50 10406729 4 0
m 5198187 50 10405361 0 0
m 5198187 50 10405369 0 1
m 5198187 50 10405377 0 2
h 5198187 30 10405333 0 0
s 5198187 30 10405333 0 0
n 5198187 30 10405341 0 0
p 5198187 30 10405677 1 0
p 5198187 30 10406021 2 0
p 5198187 30 10406365 3 0
p 5198187 30 10406709 4 0
m 5198187 30 10405341 0 0
m 5198187 30 10405349 0 1
m 5198187 30 10405357 0 2
h 5198187 15 10405318 0 0
s 5198187 15 10405318 0 0
n 5198187 15 10405326 0 0
p 5198187 15 10405662 1 0
p 5198187 15 10406006 2 0
p 5198187 15 10406350 3 0
p 5198187 15 10406694 4 0
m 5198187 15 10405326 0 0
m 5198187 15 10405334 0 1
m 5198187 15 10405342 0 2
h 5198187 5 10405308 0 0
s 5198187 5 10405308 0 0
n 5198187 5 10405316 0 0
p 5198187 5 10405652 1 0
p 5198187 5 10405996 2 0
p 5198187 5 10406340 3 0
p 5198187 5 10406684 4 0
m 5198187 5 10405316 0 0
m 5198187 5 10405324 0 1
m 5198187 5 10405332 0 2
h 3402262 50 6813503 0 0
s 3402262 50 6813503 0 0
n 3402262 50 6813511 0 0
p 3402262 50 6813847 1 0
p 3402262 50 6814191 2 0
p 3402262 50 6814535 3 0
p 3402262 50 6814879 4 0
m 3402262 50 6813511 0 0
m 3402262 50 6813519 0 1
m 3402262 50 6813527 0 2
h 3402262 30 6813483 0 0
s 3402262 30 6813483 0 0
n 3402262 30 6813491 0 0
p 3402262 30 6813827 1 0
p 3402262 30 6814171 2 0
p 3402262 30 6814515 3 0
p 3402262 30 6814859 4 0
m 3402262 30 6813491 0 0
m 3402262 30 6813499 0 1
m 3402262 30 6813507 0 2
h 3402262 15 6813468 0 0
s 3402262 15 6813468 0 0
n 3402262 15 6813476 0 0
p 3402262 15 6813812 1 0
p 3402262 15 6814156 2 0
p 3402262 15 6814500 3 0
p 3402262 15 6814844 4 0
m 3402262 15 6813476 0 0
m 3402262 15 6813484 0 1
m 3402262 15 6813492 0 2
h 3402262 5 6813458 0 0
s 3402262 5 6813458 0 0
n 3402262 5 6813466 0 0
p 3402262 5 6813802 1 0
p 3402262 5 6814146 2 0
p 3402262 5 6814490 3 0
p 3402262 5 6814834 4 0
m 3402262 5 6813466 0 0
m 3402262 5 6813474 0 1
m 3402262 5 6813482 0 2
h 1080685 50 2170349 0 0
s 1080685 50 2170349 0 0
n 1080685 50 2170357 0 0
p 1080685 50 2170693 1 0
p 1080685 50 2171037 2 0
p 1080685 50 2171381 3 0
p 1080685 50 2171725 4 0
m 1080685 50 2170357 0 0
m 1080685 50 2170365 0 1
m 1080685 50 2170373 0 2
h 1080685 30 2170329 0 0
s 1080685 30 2170329 0 0
n 1080685 30 2170337 0 0
p 1080685 30 2170673 1 0
p 1080685 30 2171017 2 0
p 1080685 30 2171361 3 0
p 1080685 30 2171705 4 0
m 1080685 30 2170337 0 0
m 1080685 30 2170345 0 1
m 1080685 30 2170353 0 2
h 1080685 15 2170314 0 0
s 1080685 15 2170314 0 0
n 1080685 15 2170322 0 0
p 1080685 15 2170658 1 0
p 1080685 15 2171002 2 0
p 1080685 15 2171346 3 0
p 1080685 15 2171690 4 0
m 1080685 15 2170322 0 0
m 1080685 15 2170330 0 1
m 1080685 15 2170338 0 2
h 1080685 5 2170304 0 0
s 1080685 5 2170304 0 0
n 1080685 5 2170312 0 0
p 1080685 5 2170648 1 0
p 1080685 5 2170992 2 0
p 1080685 5 2171336 3 0
p 1080685 5 2171680 4 0
m 1080685 5 2170312 0 0
m 1080685 5 2170320 0 1
m 1080685 5 2170328 0 2
h 5198187 25 10405328 0 0
s 5198187 25 10405328 0 0
n 5198187 25 10405336 0 0
p 5198187 25 10405672 1 0
p 5198187 25 10406016 2 0
p 5198187 25 10406360 3 0
p 5198187 25 10406704 4 0
m 5198187 25 10405336 0 0
m 5198187 25 10405344 0 1
m 5198187 25 10405352 0 2
h 5198187 50 10405353 0 0
s 5198187 50 10405353 0 0
n 5198187 50 10405361 0 0
p 5198187 50 10405697 1 0
p 5198187 50 10406041 2 0
p 5198187 50 10406385 3 0
p 5198187 50 10406729 4 0
m 5198187 50 10405361 0 0
m 5198187 50 10405369 0 1
m 5198187 50 10405377 0 2
h 5198187 75 10405378 0 0
s 5198187 75 10405378 0 0
n 5198187 75 10413770 0 0
p 5198187 75 10405722 1 0
p 5198187 75 10406066 2 0
p 5198187 75 10406410 3 0
p 5198187 75 10406754 4 0
m 5198187 75 10413770 0 0
m 5198187 75 10413810 0 1
m 5198187 75 10413850 0 2
h 5198187 100 10405403 0 0
s 5198187 100 10405403 0 0
n 5198187 100 10413795 0 0
p 5198187 100 10405747 1 0
p 5198187 100 10406091 2 0
p 5198187 100 10406435 3 0
p 5198187 100 10406779 4 0
m 5198187 100 10413795 0 0
m 5198187 100 10413835 0 1
m 5198187 100 10413875 0 2
h 5198187 125 10405428 0 0
s 5198187 125 10405428 0 0
n 5198187 125 10413820 0 0
p 5198187 125 10405772 1 0
p 5198187 125 10406116 2 0
p 5198187 125 10406460 3 0
p 5198187 125 10406804 4 0
m 5198187 125 10413820 0 0
m 5198187 125 10413860 0 1
m 5198187 125 10413900 0 2
h 5198187 150 10405453 0 0
s 5198187 150 10405453 0 0
n 5198187 150 10415941 0 0
p 5198187 150 10405797 1 0
p 5198187 150 10406141 2 0
p 5198187 150 10406485 3 0
p 5198187 150 10406829 4 0
m 5198187 150 10415941 0 0
m 5198187 150 10415989 0 1
m 5198187 150 10416037 0 2
h 5198187 175 10405478 0 0
s 5198187 175 10405478 0 0
n 5198187 175 10415966 0 0
p 5198187 175 10405822 1 0
p 5198187 175 10406166 2 0
p 5198187 175 10406510 3 0
p 5198187 175 10406854 4 0
m 5198187 175 10415966 0 0
m 5198187 175 10416014 0 1
m 5198187 175 10416062 0 2
h 5198187 200 10405503 0 0
s 5198187 200 10405503 0 0
n 5198187 200 10418087 0 0
p 5198187 200 10405847 1 0
p 5198187 200 10406191 2 0
p 5198187 200 10406535 3 0
p 5198187 200 10406879 4 0
m 5198187 200 10418087 0 0
m 5198187 200 10418143 0 1
m 5198187 200 10418199 0 2
h 5198187 225 10405528 0 0
s 5198187 225 10405528 0 0
n 5198187 225 10418112 0 0
p 5198187 225 10405872 1 0
p 5198187 225 10406216 2 0
p 5198187 225 10406560 3 0
p 5198187 225 10406904 4 0
m 5198187 225 10418112 0 0
m 5198187 225 10418168 0 1
m 5198187 225 10418224 0 2
h 5198187 250 10405553 0 0
s 5198187 250 10405553 0 0
n 5198187 250 10418137 0 0
p 5198187 250 10405897 1 0
p 5198187 250 10406241 2 0
p 5198187 250 10406585 3 0
p 5198187 250 10406929 4 0
m 5198187 250 10418137 0 0
m 5198187 250 10418193 0 1
m 5198187 250 10418249 0 2
h 5198187 275 10405578 0 0
s 5198187 275 10405578 0 0
n 5198187 275 10420258 0 0
p 5198187 275 10405922 1 0
p 5198187 275 10406266 2 0
p 5198187 275 10406610 3 0
p 5198187 275 10406954 4 0
m 5198187 275 10420258 0 0
m 5198187 275 10420322 0 1
m 5198187 275 10420386 0 2
h 5198187 300 10405603 0 0
s 5198187 300 10405603 0 0
n 5198187 300 10420283 0 0
p 5198187 300 10405947 1 0
p 5198187 300 10406291 2 0
p 5198187 300 10406635 3 0
p 5198187 300 10406979 4 0
m 5198187 300 10420283 0 0
m 5198187 300 10420347 0 1
m 5198187 300 10420411 0 2
h 5198187 325 10405628 0 0
s 5198187 325 10405628 0 0
n 5198187 325 10422404 0 0
p 5198187 325 10405972 1 0
p 5198187 325 10406316 2 0
p 5198187 325 10406660 3 0
p 5198187 325 10407004 4 0
m 5198187 325 10422404 0 0
m 5198187 325 10422476 0 1
m 5198187 325 10422548 0 2
h 5198187 350 10405653 0 0
s 5198187 350 10405653 0 0
n 5198187 350 10422429 0 0
p 5198187 350 10405997 1 0
p 5198187 350 10406341 2 0
p 5198187 350 10406685 3 0
p 5198187 350 10407029 4 0
m 5198187 350 10422429 0 0
m 5198187 350 10422501 0 1
m 5198187 350 10422573 0 2
h 1080685 25 2170324 0 0
s 1080685 25 2170324 0 0
n 1080685 25 2170332 0 0
p 1080685 25 2170668 1 0
p 1080685 25 2171012 2 0
p 1080685 25 2171356 3 0
p 1080685 25 2171700 4 0
m 1080685 25 2170332 0 0
m 1080685 25 2170340 0 1
m 1080685 25 2170348 0 2
h 1080685 50 2170349 0 0
s 1080685 50 2170349 0 0
n 1080685 50 2170357 0 0
p 1080685 50 2170693 1 0
p 1080685 50 2171037 2 0
p 1080685 50 2171381 3 0
p 1080685 50 2171725 4 0
m 1080685 50 2170357 0 0
m 1080685 50 2170365 0 1
m 1080685 50 2170373 0 2
h 1080685 75 2170374 0 0
s 1080685 75 2170374 0 0
n 1080685 75 2178766 0 0
p 1080685 75 2170718 1 0
p 1080685 75 2171062 2 0
p 1080685 75 2171406 3 0
p 1080685 75 2171750 4 0
m 1080685 75 2178766 0 0
m 1080685 75 2178806 0 1
m 1080685 75 2178846 0 2
h 1080685 100 2170399 0 0
s 1080685 100 2170399 0 0
n 1080685 100 2178791 0 0
p 1080685 100 2170743 1 0
p 1080685 100 2171087 2 0
p 1080685 100 2171431 3 0
p 1080685 100 2171775 4 0
m 1080685 100 2178791 0 0
m 1080685 100 2178831 0 1
m 1080685 100 2178871 0 2
h 1080685 125 2170424 0 0
s 1080685 125 2170424 0 0
n 1080685 125 2178816 0 0
p 1080685 125 2170768 1 0
p 1080685 125 2171112 2 0
p 1080685 125 2171456 3 0
p 1080685 125 2171800 4 0
m 1080685 125 2178816 0 0
m 1080685 125 2178856 0 1
m 1080685 125 2178896 0 2
h 1080685 150 2170449 0 0
s 1080685 150 2170449 0 0
n 1080685 150 2180937 0 0
p 1080685 150 2170793 1 0
p 1080685 150 2171137 2 0
p 1080685 150 2171481 3 0
p 1080685 150 2171825 4 0
m 1080685 150 2180937 0 0
m 1080685 150 2180985 0 1
m 1080685 150 2181033 0 2
h 1080685 175 2170474 0 0
s 1080685 175 2170474 0 0
n 1080685 175 2180962 0 0
p 1080685 175 2170818 1 0
p 1080685 175 2171162 2 0
p 1080685 175 2171506 3 0
p 1080685 175 2171850 4 0
m 1080685 175 2180962 0 0
m 1080685 175 2181010 0 1
m 1080685 175 2181058 0 2
h 1080685 200 2170499 0 0
s 1080685 200 2170499 0 0
n 1080685 200 2183083 0 0
p 1080685 200 2170843 1 0
p 1080685 200 2171187 2 0
p 1080685 200 2171531 3 0
p 1080685 200 2171875 4 0
m 1080685 200 2183083 0 0
m 1080685 200 2183139 0 1
m 1080685 200 2183195 0 2
h 1080685 225 2170524 0 0
s 1080685 225 2170524 0 0
n 1080685 225 2183108 0 0
p 1080685 225 2170868 1 0
p 1080685 225 2171212 2 0
p 1080685 225 2171556 3 0
p 1080685 225 2171900 4 0
m 1080685 225 2183108 0 0
m 1080685 225 2183164 0 1
m 1080685 225 2183220 0 2
h 1080685 250 2170549 0 0
s 1080685 250 2170549 0 0
n 1080685 250 2183133 0 0
p 1080685 250 2170893 1 0
p 1080685 250 2171237 2 0
p 1080685 250 2171581 3 0
p 1080685 250 2171925 4 0
m 1080685 250 2183133 0 0
m 1080685 250 2183189 0 1
m 1080685 250 2183245 0 2
h 1080685 275 2170574 0 0
s 1080685 275 2170574 0 0
n 1080685 275 2185254 0 0
p 1080685 275 2170918 1 0
p 1080685 275 2171262 2 0
p 1080685 275 2171606 3 0
p 1080685 275 2171950 4 0
m 1080685 275 2185254 0 0
m 1080685 275 2185318 0 1
m 1080685 275 2185382 0 2
h 1080685 300 2170599 0 0
s 1080685 300 2170599 0 0
n 1080685 300 2185279 0 0
p 1080685 300 2170943 1 0
p 1080685 300 2171287 2 0
p 1080685 300 2171631 3 0
p 1080685 300 2171975 4 0
m 1080685 300 2185279 0 0
m 1080685 300 2185343 0 1
m 1080685 300 2185407 0 2
h 1080685 325 2170624 0 0
s 1080685 325 2170624 0 0
n 1080685 325 2187400 0 0
p 1080685 325 2170968 1 0
p 1080685 325 2171312 2 0
p 1080685 325 2171656 3 0
p 1080685 325 2172000 4 0
m 1080685 325 2187400 0 0
m 1080685 325 2187472 0 1
m 1080685 325 2187544 0 2
h 1080685 350 2170649 0 0
s 1080685 350 2170649 0 0
n 1080685 350 2187425 0 0
p 1080685 350 2170993 1 0
p 1080685 350 2171337 2 0
p 1080685 350 2171681 3 0
p 1080685 350 2172025 4 0
m 1080685 350 2187425 0 0
m 1080685 350 2187497 0 1
m 1080685 350 2187569 0 2
h 1080685 375 2170674 0 0
s 1080685 375 2170674 0 0
n 1080685 375 2187450 0 0
p 1080685 375 2171018 1 0
p 1080685 375 2171362 2 0
p 1080685 375 2171706 3 0
p 1080685 375 2172050 4 0
m 1080685 375 2187450 0 0
m 1080685 375 2187522 0 1
m 1080685 375 2187594 0 2
h 1080685 400 2170699 0 0
s 1080685 400 2170699 0 0
n 1080685 400 2189571 0 0
p 1080685 400 2171043 1 0
p 1080685 400 2171387 2 0
p 1080685 400 2171731 3 0
p 1080685 400 2172075 4 0
m 1080685 400 2189571 0 0
m 1080685 400 2189651 0 1
m 1080685 400 2189731 0 2
h 1080685 425 2170724 0 0
s 1080685 425 2170724 0 0
n 1080685 425 2189596 0 0
p 1080685 425 2171068 1 0
p 1080685 425 2171412 2 0
p 1080685 425 2171756 3 0
p 1080685 425 2172100 4 0
m 1080685 425 2189596 0 0
m 1080685 425 2189676 0 1
m 1080685 425 2189756 0 2
h 1080685 450 2170749 0 0
s 1080685 450 2170749 0 0
n 1080685 450 2191717 0 0
p 1080685 450 2171093 1 0
p 1080685 450 2171437 2 0
p 1080685 450 2171781 3 0
p 1080685 450 2172125 4 0
m 1080685 450 2191717 0 0
m 1080685 450 2191805 0 1
m 1080685 450 2191893 0 2
h 1080685 475 2170774 0 0
s 1080685 475 2170774 0 0
n 1080685 475 2191742 0 0
p 1080685 475 2171118 1 0
p 1080685 475 2171462 2 0
p 1080685 475 2171806 3 0
p 1080685 475 2172150 4 0
m 1080685 475 2191742 0 0
m 1080685 475 2191830 0 1
m 1080685 475 2191918 0 2
h 1080685 500 2170799 0 0
s 1080685 500 2170799 0 0
n 1080685 500 2191767 0 0
p 1080685 500 2171143 1 0
p 1080685 500 2171487 2 0
p 1080685 500 2171831 3 0
p 1080685 500 2172175 4 0
m 1080685 500 2191767 0 0
m 1080685 500 2191855 0 1
m 1080685 500 2191943 0 2
